rank	yeast_gene	cosine
1	YPL218W	0.91737
2	YDL192W	0.91211
3	YDL137W	0.90869
4	YBR241C	0.90692
5	YPL203W	0.90423
6	YLR229C	0.90393
7	YKR059W	0.90257
8	YPR165W	0.90127
9	YBR164C	0.90066
10	YGL256W	0.89898
11	YER072W	0.89835
12	YKL190W	0.898
13	YJL108C	0.89769
14	YGL008C	0.89714
15	YDR345C	0.89649
16	YFL039C	0.89364
17	YHR092C	0.8932
18	YPR183W	0.89186
19	YPL036W	0.8918
20	YJL164C	0.89158
21	YHR094C	0.89087
22	YDL047W	0.89001
23	YDR343C	0.88942
24	YPR182W	0.88931
25	YLR234W	0.88914
26	YDR342C	0.88879
27	YNL189W	0.88878
28	YGR105W	0.88804
29	YHL047C	0.88649
30	YDL126C	0.88567
31	YPR192W	0.88499
32	YBR109C	0.88499
33	YLR147C	0.88488
34	YLR081W	0.88486
35	YBR261C	0.8846
36	YDL006W	0.88439
37	YMR011W	0.8843
38	YJL214W	0.88383
39	YDR155C	0.88381
40	YOR094W	0.88348
41	YHR218W-A	0.88312
42	YBL112C	0.88312
43	YMR034C	0.88303
44	YKL024C	0.8829
45	YNL090W	0.8824
46	YBR160W	0.88236
47	YOR089C	0.88207
48	YOR257W	0.88207
49	YFL011W	0.88195
50	YLR113W	0.88122
51	YDL229W	0.88082
52	YDR373W	0.88079
53	YHR096C	0.88062
54	YOR378W	0.88057
55	YMR290C	0.88024
56	YNL209W	0.88012
57	YIL170W	0.87989
58	YNL112W	0.87988
59	YER133W	0.8798
60	YDL245C	0.87976
61	YDL084W	0.87967
62	YMR109W	0.87959
63	YDL134C	0.87914
64	YGL058W	0.87912
65	YJR158W	0.87905
66	YER009W	0.8786
67	YLL053C	0.87783
68	YAL020C	0.87772
69	YDR021W	0.87751
70	YOL156W	0.87712
71	YGL225W	0.87675
72	YPR204W	0.87667
73	YHL040C	0.87653
74	YNR072W	0.87639
75	YOR204W	0.87605
76	YDR075W	0.87539
77	YDL128W	0.87529
78	YEL069C	0.8751
79	YFL038C	0.87506
80	YOR122C	0.87482
81	YJL167W	0.8745
82	YPL234C	0.87444
83	YJL219W	0.87429
84	YPL266W	0.87412
85	YER060W-A	0.87383
86	YNL135C	0.87382
87	YDL166C	0.87374
88	YGL255W	0.87359
89	YMR079W	0.87358
90	YLR293C	0.87355
91	YBR082C	0.87322
92	YNL290W	0.87317
93	YOR046C	0.87303
94	YOR185C	0.87299
95	YPL031C	0.87282
96	YKR039W	0.87264
97	YPR113W	0.87246
98	YLL024C	0.87203
99	YER039C	0.87196
100	YFL055W	0.87166
101	YBL075C	0.87152
102	YGR123C	0.87146
103	YER125W	0.87143
104	YHR030C	0.87104
105	YAL005C	0.87082
106	YDL108W	0.87063
107	YBL016W	0.87061
108	YML012W	0.87009
109	YLL060C	0.87005
110	YBR187W	0.86979
111	YMR222C	0.86935
112	YMR015C	0.86934
113	YER103W	0.86901
114	YER177W	0.86867
115	YMR292W	0.86865
116	YAR002C-A	0.86863
117	YGR218W	0.86862
118	YLR438C-A	0.86859
119	YML018C	0.86843
120	YLR347C	0.8683
121	YDR040C	0.86817
122	YCR010C	0.86806
123	YJL014W	0.86806
124	YKL196C	0.868
125	YGR231C	0.8676
126	YDL055C	0.86716
127	YJL034W	0.8671
128	YLR466W	0.8668
129	YEL027W	0.86655
130	YER060W	0.86648
131	YGR282C	0.86625
132	YER020W	0.86621
133	YDR059C	0.86568
134	YDR196C	0.86563
135	YER119C	0.8651
136	YLL028W	0.86507
137	YLL050C	0.86485
138	YKL218C	0.86478
139	YDR039C	0.86466
140	YPL058C	0.86457
141	YNL268W	0.86437
142	YEL077C	0.86424
143	YFL058W	0.86412
144	YHR169W	0.8638
145	YNL098C	0.86356
146	YGL054C	0.86351
147	YDR226W	0.86341
148	YOR161C	0.8634
149	YDL244W	0.86328
150	YHR070W	0.86316
151	YNL332W	0.86313
152	YDR536W	0.863
153	YPL119C	0.86291
154	Q0130	0.86271
155	YDR129C	0.86244
156	YHR018C	0.86243
157	YNL010W	0.86239
158	YER056C	0.86232
159	YMR246W	0.86224
160	YDR185C	0.86212
161	YDR092W	0.8621
162	YER031C	0.86204
163	YKL129C	0.86196
164	YDR424C	0.86194
165	YJR156C	0.86186
166	YDR404C	0.86183
167	YGR281W	0.86173
168	YHR128W	0.86168
169	YDR038C	0.86166
170	YPR052C	0.86135
171	YEL066W	0.86125
172	YHR200W	0.86106
173	YPL061W	0.86097
174	YBL026W	0.86079
175	YFL066C	0.86072
176	YCR098C	0.86066
177	YGL167C	0.86061
178	YBR089C-A	0.86054
179	YDL188C	0.86042
180	YGR252W	0.86019
181	YEL063C	0.85995
182	YML102W	0.85972
183	YHL016C	0.85971
184	YIL148W	0.85943
185	YKR094C	0.85943
186	YPL264C	0.85941
187	YPR173C	0.85912
188	YER148W	0.8591
189	YGL120C	0.85895
190	YJL196C	0.85892
191	YGL210W	0.85872
192	YKL166C	0.8587
193	YPL106C	0.85866
194	YDL029W	0.85864
195	YDL064W	0.85844
196	YER036C	0.85837
197	YOL038W	0.85823
198	YDR099W	0.8577
199	YCL025C	0.85767
200	YBR252W	0.85763
201	YIL121W	0.85752
202	YNR002C	0.8575
203	YER190W	0.85748
204	YJL050W	0.8574
205	YJR105W	0.85727
206	YKR002W	0.85719
207	YGL001C	0.85704
208	YIR036C	0.85695
209	YPL246C	0.85686
210	YGL253W	0.8568
211	YNL270C	0.85677
212	YOL158C	0.85669
213	YGR138C	0.85662
214	YGR040W	0.85658
215	YML123C	0.85654
216	YHL050C	0.8565
217	YJL026W	0.8564
218	YOR348C	0.85636
219	YOL094C	0.85632
220	YDR353W	0.85584
221	YPL051W	0.85564
222	YDR519W	0.85563
223	YAL038W	0.85539
224	YCR009C	0.8552
225	YDL022W	0.85484
226	YHR110W	0.85482
227	YGR208W	0.85481
228	YOL075C	0.85471
229	YNR073C	0.8547
230	YEL070W	0.8547
231	YBL030C	0.85458
232	YJR065C	0.85441
233	YNL142W	0.85435
234	YJL001W	0.85427
235	YER107C	0.85422
236	YDL097C	0.85419
237	YPR138C	0.85414
238	YDR454C	0.8541
239	YBL102W	0.85398
240	YMR300C	0.85389
241	YOL143C	0.85372
242	YAL026C	0.8537
243	YBL071W-A	0.85354
244	YPR069C	0.85334
245	YJR058C	0.85329
246	YOL021C	0.85317
247	YOR197W	0.85294
248	YEL026W	0.85291
249	YBL113C	0.85284
250	YNL093W	0.85268
251	YGR152C	0.85253
252	YER159C	0.85246
253	YOR224C	0.85241
254	YGL091C	0.85228
255	YNL288W	0.85215
256	YNR055C	0.85205
257	YLR170C	0.85202
258	YHR106W	0.85199
259	YML001W	0.8518
260	YBR169C	0.85174
261	YJR124C	0.8517
262	YFL045C	0.85158
263	YPL017C	0.85148
264	YGL070C	0.85135
265	YGR211W	0.85133
266	YOR153W	0.8513
267	YHR007C	0.85124
268	YBR296C	0.85116
269	YMR279C	0.85112
270	YDR510W	0.85109
271	YLL026W	0.85104
272	YNL006W	0.85097
273	YGR191W	0.85097
274	YLR168C	0.85076
275	YBR008C	0.85073
276	YDR002W	0.8507
277	YLR249W	0.85069
278	YNL014W	0.85066
279	YDR540C	0.85051
280	YDR139C	0.85049
281	YDR406W	0.85048
282	YBR106W	0.85036
283	YFR053C	0.85023
284	YDL160C	0.85001
285	YFL005W	0.84992
286	YER166W	0.84981
287	YHR057C	0.84979
288	YER095W	0.84979
289	YLL067C	0.84975
290	YGR055W	0.84973
291	YDL100C	0.84958
292	YDR341C	0.84941
293	YKL033W-A	0.84929
294	YDR046C	0.84899
295	YER026C	0.84887
296	YPL275W	0.84879
297	YDL168W	0.84855
298	YDR328C	0.84846
299	YNL244C	0.84805
300	YER023W	0.84794
301	YDR394W	0.84781
302	YGL087C	0.84775
303	YOR270C	0.84773
304	YHL003C	0.84772
305	YBR080C	0.84768
306	YJL213W	0.84735
307	YER099C	0.84734
308	YOR317W	0.84733
309	YOR061W	0.84724
310	YDL222C	0.84705
311	YCR020C-A	0.84697
312	YER081W	0.84689
313	YML069W	0.84684
314	YOL162W	0.84678
315	YLR397C	0.84663
316	YOR381W	0.84659
317	YJR045C	0.84658
318	YEL046C	0.84649
319	YAL061W	0.84642
320	YLR193C	0.84624
321	YER057C	0.84615
322	YGL200C	0.8461
323	YML124C	0.8461
324	YML085C	0.84596
325	YNR053C	0.84587
326	YDR091C	0.84581
327	YEL051W	0.84573
328	YLR034C	0.8457
329	YER089C	0.8457
330	YDR384C	0.84543
331	YHR065C	0.84539
332	YER190C-A	0.84536
333	YGR296C-A	0.84536
334	YPL283W-A	0.84536
335	YML133W-A	0.84536
336	YNL339W-A	0.84536
337	YMR056C	0.84523
338	YGL048C	0.84521
339	YFL017W-A	0.84515
340	YLR058C	0.8451
341	YDR497C	0.84507
342	YBR085W	0.84507
343	YIL078W	0.84492
344	YGR210C	0.84486
345	YLR130C	0.84476
346	YNL307C	0.84475
347	YGR248W	0.84465
348	YKL146W	0.84462
349	YML022W	0.84457
350	YLR303W	0.84455
351	YCR047C	0.84454
352	YDR086C	0.84445
353	YJR104C	0.8444
354	YEL031W	0.84426
355	YBR154C	0.84425
356	YGR121C	0.8442
357	YGR060W	0.84411
358	YNL113W	0.84405
359	YOR347C	0.84403
360	YIL177C	0.84393
361	YHR163W	0.8438
362	YOR362C	0.84377
363	YOR187W	0.84355
364	YJL225C	0.84352
365	YKL104C	0.84342
366	YDL230W	0.8434
367	YBL021C	0.84329
368	YGL063W	0.84326
369	YPR051W	0.84319
370	YNL255C	0.84307
371	YDR508C	0.84306
372	YEL037C	0.84305
373	YJR073C	0.84299
374	YDR135C	0.84298
375	YNL274C	0.84294
376	YKL145W	0.84288
377	YDR011W	0.84279
378	YGL011C	0.84273
379	YOR159C	0.8425
380	YOR388C	0.84238
381	YLR258W	0.84236
382	YJL121C	0.84235
383	YEL034W	0.84227
384	YPL244C	0.84212
385	YER019W	0.84212
386	YGR253C	0.84208
387	YDL125C	0.84192
388	YHR218W	0.84187
389	YOR117W	0.84182
390	YMR226C	0.84161
391	YIL120W	0.84159
392	YOL030W	0.84151
393	YJL030W	0.84148
394	YMR116C	0.84145
395	YBR298C	0.84141
396	YLL066C	0.84141
397	YIL009W	0.84135
398	YKL217W	0.84133
399	YPL129W	0.84132
400	YOR157C	0.84131
401	YER171W	0.8413
402	YPR145W	0.84125
403	YDR339C	0.84119
404	YNL330C	0.84115
405	YKL216W	0.84097
406	Q0275	0.84092
407	YJR074W	0.84069
408	YLR011W	0.84059
409	YOL151W	0.84059
410	YER012W	0.84057
411	YCR059C	0.84043
412	YFL067W	0.84043
413	YDR456W	0.84038
414	YER185W	0.84029
415	YPL154C	0.84007
416	YOR273C	0.83999
417	YBL024W	0.83998
418	YLR237W	0.8399
419	YEL058W	0.83987
420	YMR276W	0.83985
421	YGR234W	0.83984
422	YCR012W	0.83982
423	YOL103W	0.83981
424	YIR042C	0.83972
425	YDR545W	0.83968
426	YOR396W	0.83968
427	YLR467W	0.83968
428	YDL164C	0.83962
429	YFR018C	0.83945
430	YIL143C	0.83942
431	YIL003W	0.83934
432	YIL043C	0.83931
433	YOL122C	0.83923
434	YOL147C	0.83907
435	YEL064C	0.83899
436	YEL021W	0.83899
437	YJR153W	0.83897
438	YLR200W	0.83873
439	YBR126C	0.83858
440	YER074W-A	0.83854
441	YML133C	0.83852
442	YER165W	0.8385
443	YEL065W	0.83849
444	YER062C	0.83848
445	YPL067C	0.83826
446	YBR243C	0.83807
447	YNR032W	0.83789
448	YBR019C	0.83787
449	YJR152W	0.83764
450	YKL046C	0.8375
451	YKL220C	0.83742
452	YJR159W	0.83741
453	YHL011C	0.8373
454	YDR238C	0.83721
455	YOR259C	0.83716
456	YNL339C	0.83716
457	YNL064C	0.83714
458	YPL283C	0.83711
459	YGR296W	0.83707
460	YGR132C	0.83699
461	YMR307W	0.83694
462	YLL039C	0.8369
463	YER090W	0.83682
464	YGL126W	0.83682
465	YFR014C	0.83678
466	YER110C	0.8367
467	YJR112W-A	0.83651
468	YCL040W	0.83647
469	YDR297W	0.83643
470	YNL241C	0.83628
471	YPR062W	0.83626
472	YPR156C	0.83619
473	YBL078C	0.83618
474	YPL199C	0.8361
475	YLR348C	0.83607
476	YER004W	0.83606
477	YJR068W	0.83604
478	YGL062W	0.83603
479	YOR131C	0.83603
480	YDR375C	0.83601
481	YCR060W	0.83587
482	YEL030W	0.83587
483	YFR009W	0.83582
484	YKR105C	0.8358
485	YLR216C	0.8355
486	YDR276C	0.83549
487	YGR224W	0.83546
488	YOR084W	0.83542
489	YIR035C	0.83539
490	YGL002W	0.83534
491	YCL035C	0.83531
492	YDR388W	0.83514
493	YIR037W	0.8351
494	YMR183C	0.83506
495	YNR070W	0.83505
496	YDL246C	0.83495
497	YCR028C	0.83486
498	YHR032W	0.8348
499	YBL050W	0.83471
500	YGR207C	0.83465
501	YPL259C	0.83461
502	YAL060W	0.83461
503	YJR025C	0.83456
504	YGL078C	0.83456
505	YOL139C	0.83455
506	YBL068W	0.8345
507	YDL001W	0.83445
508	YFL026W	0.83445
509	YGL106W	0.83443
510	YOR380W	0.83442
511	YER052C	0.8344
512	YHR189W	0.8343
513	YDL182W	0.83418
514	YER174C	0.83417
515	YJR047C	0.83396
516	YMR271C	0.83395
517	YMR071C	0.8339
518	YLR153C	0.83387
519	YMR146C	0.83364
520	YAR007C	0.83364
521	YOR283W	0.83357
522	YGR124W	0.83356
523	YKR080W	0.8335
524	YMR260C	0.83348
525	YOL133W	0.83324
526	YMR236W	0.83324
527	YPL245W	0.83313
528	YFL056C	0.83293
529	YPR103W	0.83293
530	YKR093W	0.83285
531	YOL084W	0.83277
532	YGR213C	0.83277
533	YGL097W	0.83274
534	YER025W	0.83269
535	YIL116W	0.83261
536	YAL023C	0.83252
537	YPL232W	0.83232
538	YKL152C	0.8323
539	YJR017C	0.83228
540	YIR028W	0.83227
541	YKL094W	0.83219
542	YML057W	0.83215
543	YGR256W	0.83214
544	YDR084C	0.83212
545	YER094C	0.83205
546	YER178W	0.83196
547	YNR003C	0.83194
548	YPL028W	0.83191
549	YHR183W	0.83177
550	YIL053W	0.83176
551	YGL157W	0.83173
552	YDR090C	0.83169
553	YJR095W	0.83167
554	YNR060W	0.83161
555	YBR218C	0.83152
556	YFL037W	0.8313
557	YHR050W	0.83127
558	YCL073C	0.83126
559	YGL047W	0.83115
560	YOL086C	0.83112
561	YAL049C	0.83106
562	YGL211W	0.83096
563	YLR338W	0.83082
564	YGL234W	0.8308
565	YHR005C	0.83073
566	YNL202W	0.83064
567	YOR027W	0.83063
568	YBL036C	0.83043
569	YER055C	0.8303
570	YOR126C	0.83029
571	YDR541C	0.83028
572	YLR134W	0.83024
573	YHR135C	0.8302
574	YBR145W	0.83017
575	YGL012W	0.83014
576	YFR015C	0.83011
577	YBL091C-A	0.83005
578	YGL220W	0.83003
579	YPL274W	0.83
580	YOR328W	0.82983
581	YOR323C	0.82981
582	YDR033W	0.82981
583	YER146W	0.8298
584	YKR106W	0.82979
585	YER145C	0.82976
586	YGR203W	0.82966
587	YNR050C	0.82964
588	YER073W	0.82957
589	YER086W	0.82954
590	YJL143W	0.82952
591	YGR043C	0.8295
592	YHR026W	0.82941
593	YHR019C	0.8294
594	YGR185C	0.82935
595	YEL013W	0.82934
596	YNL044W	0.82931
597	YBR159W	0.82928
598	YGR175C	0.82921
599	YJL217W	0.82915
600	YNL281W	0.82912
601	YIL065C	0.82912
602	YIL074C	0.82907
603	YDR050C	0.82904
604	YAL064W-B	0.82897
605	YDR177W	0.82893
606	YDR272W	0.82887
607	YNL024C	0.82883
608	YDR304C	0.82871
609	YGL039W	0.82867
610	YLL056C	0.82859
611	YCR073W-A	0.82858
612	YBR034C	0.82852
613	YPL276W	0.82848
614	YOR133W	0.82848
615	YLL018C	0.82846
616	YJL055W	0.82841
617	YLR251W	0.82803
618	YBR221C	0.82797
619	YDL210W	0.82787
620	YJL094C	0.82781
621	YGL221C	0.82771
622	YPR149W	0.8277
623	YLR158C	0.82765
624	YLR155C	0.82765
625	YLR157C	0.82765
626	YLR160C	0.82765
627	YLR044C	0.82762
628	YMR095C	0.82758
629	YOL097C	0.82757
630	YLR208W	0.82748
631	YLR268W	0.82746
632	YGR065C	0.8274
633	YOR192C	0.82738
634	YPR035W	0.82737
635	YPR041W	0.8273
636	YER043C	0.82721
637	YBR249C	0.82704
638	YML008C	0.82697
639	YBR222C	0.82696
640	YMR203W	0.82682
641	YML116W	0.82678
642	YHR107C	0.82678
643	YBR068C	0.82666
644	YMR108W	0.82654
645	YNR057C	0.82649
646	YBL111C	0.82631
647	YKR053C	0.8263
648	YDL052C	0.82629
649	YPR016C	0.82623
650	YPL175W	0.82602
651	YER179W	0.82601
652	YLR092W	0.82596
653	YOL164W	0.82595
654	YGR279C	0.82588
655	YFR004W	0.82579
656	YOR339C	0.82578
657	YNR032C-A	0.82571
658	YIR022W	0.82571
659	YNL323W	0.82566
660	YPL265W	0.82556
661	YJL218W	0.82553
662	YJL111W	0.82547
663	YAR073W	0.82539
664	YLR438W	0.82536
665	YCR021C	0.82535
666	YGR267C	0.8253
667	YDL102W	0.8253
668	YBR054W	0.82529
669	YJR077C	0.82529
670	YJR049C	0.82523
671	YCL069W	0.82512
672	YLR186W	0.82509
673	YEL011W	0.82508
674	YNL275W	0.82501
675	YDR093W	0.825
676	YJR069C	0.82494
677	YPR080W	0.82492
678	YOR326W	0.82486
679	YDR397C	0.82482
680	YER143W	0.82479
681	YNL095C	0.82474
682	YBR043C	0.82472
683	YAL064C-A	0.8246
684	YMR303C	0.82454
685	YMR230W	0.82452
686	YOL005C	0.82451
687	YIL124W	0.82448
688	YLR005W	0.82437
689	YKL127W	0.82427
690	YDL144C	0.82412
691	YBR263W	0.8241
692	YNR064C	0.82408
693	YBR038W	0.824
694	YPL220W	0.824
695	YGL135W	0.824
696	YMR202W	0.82397
697	YPL046C	0.82394
698	YLR069C	0.82391
699	YJL212C	0.82387
700	YPR086W	0.82379
701	YCL009C	0.82366
702	YNL264C	0.82357
703	YLR213C	0.82357
704	YGR260W	0.82353
705	YGR289C	0.82344
706	YDR258C	0.82343
707	YML106W	0.8234
708	YAL054C	0.82337
709	YPR028W	0.82331
710	YEL038W	0.82327
711	YCR048W	0.82325
712	YCL010C	0.82324
713	YDR300C	0.82322
714	YBL041W	0.82319
715	YOR293W	0.82313
716	YLL061W	0.82313
717	YCR057C	0.82312
718	YBR088C	0.82307
719	YOR071C	0.82303
720	YJR001W	0.82297
721	YML078W	0.8229
722	YMR197C	0.82286
723	YMR205C	0.82281
724	YJR160C	0.82265
725	YKL207W	0.82265
726	YDR516C	0.82261
727	YMR305C	0.82257
728	YLR433C	0.82257
729	YKL078W	0.82252
730	YFL017C	0.82251
731	YIL118W	0.82239
732	YMR243C	0.82233
733	YGR131W	0.82232
734	YJR148W	0.82231
735	YHR175W	0.82217
736	YJR143C	0.82204
737	YBR143C	0.822
738	YBR196C	0.82198
739	YLR245C	0.82185
740	YML021C	0.82182
741	YER003C	0.82152
742	YBR078W	0.82148
743	YCL074W	0.82148
744	YDR045C	0.82147
745	YKL001C	0.82139
746	YLR126C	0.8213
747	YOL055C	0.8213
748	YHR219W	0.82127
749	YFL018C	0.8212
750	YNL111C	0.82118
751	YGL043W	0.82118
752	YOR327C	0.82114
753	YML094W	0.82109
754	YDL014W	0.82101
755	YAR035W	0.82101
756	YPL015C	0.82101
757	YMR221C	0.82099
758	YJR015W	0.82095
759	YPR082C	0.82092
760	YGR020C	0.82091
761	YOL110W	0.82088
762	YJL035C	0.82073
763	YMR308C	0.82073
764	YLR043C	0.82072
765	YMR080C	0.82066
766	YGR180C	0.8206
767	YJR007W	0.82053
768	YMR315W	0.82051
769	YMR318C	0.82048
770	YGL163C	0.82043
771	YDR158W	0.82034
772	YPL235W	0.82027
773	YDL087C	0.82027
774	YBL091C	0.82025
775	YML101C	0.82025
776	YDL131W	0.82024
777	YPL169C	0.8202
778	YFL061W	0.82018
779	YNL335W	0.82018
780	YKL164C	0.82007
781	YKR026C	0.82004
782	YIL001W	0.81996
783	YBL003C	0.81995
784	YDL243C	0.81993
785	YNL125C	0.8199
786	YLR359W	0.81988
787	YOR020C	0.81984
788	YIL109C	0.81973
789	YDR294C	0.81966
790	YJL198W	0.81959
791	YER007C-A	0.81957
792	YDR225W	0.81956
793	YBL042C	0.81954
794	YOR321W	0.81948
795	YOR092W	0.81937
796	YPR033C	0.81937
797	YDL057W	0.81936
798	YMR058W	0.81926
799	YDR023W	0.81908
800	YMR278W	0.81897
801	YMR235C	0.81897
802	YGL099W	0.81885
803	YMR214W	0.81883
804	YPR088C	0.81877
805	YOL132W	0.81873
806	YLR326W	0.81871
807	YDR120C	0.81862
808	YJR139C	0.81859
809	Q0045	0.81858
810	YBR265W	0.81852
811	YCR034W	0.81842
812	YIL064W	0.81841
813	YKL128C	0.81837
814	YBR295W	0.8183
815	YCL033C	0.8183
816	YMR238W	0.81824
817	YJL012C	0.81824
818	YIL020C	0.81823
819	YDR074W	0.81821
820	YBL076C	0.81821
821	YHR132C	0.81814
822	YMR301C	0.81803
823	YOR013W	0.81798
824	YHR208W	0.8179
825	YLL018C-A	0.81785
826	YBR020W	0.81782
827	YPL010W	0.81773
828	YHR044C	0.81772
829	YLR289W	0.81771
830	YEL020W-A	0.81767
831	YGL137W	0.81748
832	YBR114W	0.81741
833	YBR287W	0.8174
834	YBR294W	0.81734
835	YPL092W	0.8173
836	YCL017C	0.81726
837	YMR266W	0.8172
838	YDL201W	0.81719
839	YOR236W	0.81716
840	YLR059C	0.81715
841	YBR256C	0.81713
842	YHR043C	0.81708
843	YDL086W	0.81708
844	YBR210W	0.81698
845	YOR202W	0.81674
846	YLR340W	0.81669
847	YPL086C	0.81665
848	YOL066C	0.81665
849	YPL226W	0.81658
850	YLL063C	0.81657
851	YIL165C	0.81654
852	YDR063W	0.81651
853	YBR264C	0.81645
854	YOR375C	0.81635
855	YNL055C	0.81635
856	YML079W	0.81625
857	YDR408C	0.81625
858	YMR105C	0.81617
859	YGL186C	0.8161
860	YBR006W	0.81597
861	YPL111W	0.81583
862	YDR270W	0.81579
863	YNL072W	0.81577
864	YMR314W	0.81577
865	YLR244C	0.81575
866	YGL130W	0.81573
867	YBR021W	0.81562
868	YDR411C	0.8156
869	YOR103C	0.81557
870	YKR038C	0.81553
871	YAL044W-A	0.81552
872	YNL259C	0.81552
873	YDL018C	0.81545
874	YLR167W	0.81544
875	YNL148C	0.81539
876	YKL002W	0.81527
877	YDR062W	0.81526
878	YHR048W	0.8152
879	YLR004C	0.81515
880	YLL008W	0.8151
881	YAR050W	0.81506
882	YJL024C	0.81505
883	YBL082C	0.81502
884	YHR042W	0.81501
885	YDL095W	0.81495
886	YNL130C	0.81495
887	YDR047W	0.81495
888	YIL021W	0.81486
889	YKL157W	0.81484
890	YPR181C	0.81482
891	YDL103C	0.81482
892	YAL042W	0.81477
893	YCR027C	0.81476
894	YNL154C	0.81475
895	YPL187W	0.81472
896	YLR060W	0.81471
897	YPR108W	0.81469
898	YLL055W	0.81467
899	YML014W	0.81461
900	YLR195C	0.8146
901	YDR098C	0.81456
902	YDL236W	0.81449
903	YNL331C	0.81444
904	YJL134W	0.81443
905	YMR138W	0.81441
906	YOR265W	0.8144
907	YLR028C	0.8144
908	YMR186W	0.8143
909	YPL237W	0.8142
910	YKR014C	0.81414
911	YOR101W	0.81407
912	YPR194C	0.81396
913	YIL048W	0.81393
914	YNR071C	0.8139
915	YIR012W	0.81386
916	YFR044C	0.81381
917	YJL216C	0.81376
918	YOR128C	0.81368
919	YDR267C	0.81365
920	YDL123W	0.81361
921	YHR123W	0.81359
922	YLR354C	0.81359
923	YCR051W	0.81353
924	YGR163W	0.81346
925	YPL240C	0.81345
926	YOL002C	0.81343
927	YFL060C	0.81341
928	YBR235W	0.81332
929	YGR209C	0.81323
930	YOL163W	0.81321
931	YCR075C	0.81319
932	YPL221W	0.81315
933	YNR034W	0.81314
934	YOR087W	0.81314
935	YGL026C	0.81313
936	YDR037W	0.81308
937	YMR297W	0.81308
938	YKL067W	0.81304
939	YIL162W	0.81279
940	YFL053W	0.81278
941	YJL159W	0.81271
942	YDL212W	0.8127
943	YHR005C-A	0.8127
944	YNL134C	0.81261
945	YDR438W	0.81248
946	YPL094C	0.81243
947	YJR063W	0.81237
948	YDL007W	0.81237
949	YER053C	0.81227
950	YHR170W	0.81214
951	YPR193C	0.81209
952	YLR243W	0.81207
953	YKL210W	0.81195
954	YIL088C	0.81186
955	YJL033W	0.81167
956	YDR172W	0.81163
957	YGR197C	0.81163
958	YGL006W	0.81158
959	YOL090W	0.81149
960	YIL160C	0.81149
961	YNL334C	0.81145
962	YBR137W	0.81138
963	YLR378C	0.81123
964	YEL040W	0.81118
965	YPL206C	0.81114
966	YGR135W	0.81114
967	YDL046W	0.811
968	YHR047C	0.81099
969	YPL213W	0.81095
970	YAL030W	0.81094
971	YDL247W	0.8109
972	YIR026C	0.81084
973	YLR291C	0.81083
974	YNR043W	0.81067
975	YGR031W	0.81065
976	YHR068W	0.81062
977	YNR048W	0.8106
978	YAL062W	0.81059
979	YGR247W	0.81057
980	YMR169C	0.81056
981	YMR210W	0.81049
982	YJL008C	0.81048
983	YPL043W	0.81033
984	YDL208W	0.81033
985	YGL077C	0.81029
986	YOR006C	0.81022
987	YOR036W	0.81015
988	YHR013C	0.81014
989	YCL036W	0.8101
990	YLR027C	0.81005
991	YNL191W	0.81004
992	YHR063C	0.81002
993	YLR121C	0.80996
994	YMR008C	0.80993
995	YGL119W	0.80989
996	YER015W	0.80985
997	YNL123W	0.80979
998	YPR011C	0.80976
999	YJR096W	0.80974
1000	YGL022W	0.80965
1001	YGL201C	0.80964
1002	YIL114C	0.80956
1003	YJL079C	0.8095
1004	YMR090W	0.8095
1005	YLR432W	0.80944
1006	YIL094C	0.80941
1007	YBR121C	0.80932
1008	YLR137W	0.80932
1009	YHR190W	0.8093
1010	YDR402C	0.80928
1011	YBR202W	0.80928
1012	YFL041W	0.80927
1013	YPL258C	0.80918
1014	YNL237W	0.80915
1015	YDL135C	0.80911
1016	YNL138W	0.80909
1017	YIL155C	0.80908
1018	YJR116W	0.80908
1019	YEL039C	0.80896
1020	YMR054W	0.80888
1021	YGR100W	0.80882
1022	YLR188W	0.80876
1023	YDL140C	0.80868
1024	YMR022W	0.8086
1025	YNL108C	0.80859
1026	YGR214W	0.80855
1027	YCR011C	0.80854
1028	YOL137W	0.80853
1029	YBR228W	0.80853
1030	YKL039W	0.80842
1031	YML080W	0.80836
1032	YAL012W	0.80833
1033	YDR190C	0.80829
1034	YOL058W	0.80827
1035	YPR074C	0.8082
1036	YPL204W	0.80815
1037	YOR222W	0.80802
1038	YPL093W	0.80793
1039	YLR209C	0.80791
1040	YHR064C	0.80786
1041	YMR241W	0.80779
1042	YBL057C	0.80774
1043	YLR411W	0.80771
1044	YMR217W	0.80767
1045	YHR174W	0.80765
1046	YPL006W	0.80761
1047	YFR055W	0.80756
1048	YCR068W	0.80753
1049	YNL277W	0.80747
1050	YDR001C	0.80745
1051	YHR025W	0.80745
1052	YGL017W	0.80743
1053	YKL113C	0.80734
1054	YLR355C	0.80731
1055	YDR116C	0.80716
1056	YKR068C	0.80714
1057	YDR368W	0.8071
1058	YHL036W	0.80708
1059	YGR286C	0.80703
1060	YGL100W	0.80696
1061	YGR204W	0.80694
1062	YOL065C	0.80693
1063	YFR051C	0.80685
1064	YLR277C	0.80683
1065	YDR140W	0.80679
1066	YNL007C	0.80678
1067	YJL065C	0.80678
1068	YML028W	0.80668
1069	YAL016W	0.80664
1070	YOR332W	0.80662
1071	YLR384C	0.80658
1072	YDR212W	0.80657
1073	YDL049C	0.80656
1074	YDR232W	0.80656
1075	YGR007W	0.80655
1076	YDR148C	0.80655
1077	YPR121W	0.80654
1078	YGL252C	0.80652
1079	YML125C	0.80651
1080	YJL052W	0.80643
1081	YNL231C	0.80641
1082	YBR035C	0.80635
1083	YPL135W	0.80626
1084	YLR364W	0.80626
1085	YBR242W	0.80625
1086	YMR288W	0.80622
1087	YIL145C	0.80608
1088	YPR110C	0.80608
1089	YKR043C	0.80607
1090	YNL104C	0.80607
1091	YIL169C	0.80604
1092	YKL211C	0.80598
1093	YPR160W	0.80594
1094	YOL129W	0.80593
1095	YDR533C	0.80589
1096	YPL091W	0.80578
1097	YJR009C	0.80577
1098	YGR254W	0.80574
1099	YML056C	0.8057
1100	YMR285C	0.80568
1101	YAL063C	0.80556
1102	YHR074W	0.80556
1103	YDR280W	0.80555
1104	YEL041W	0.80551
1105	YOR358W	0.80545
1106	YML068W	0.80543
1107	YJL145W	0.80539
1108	YHR089C	0.80536
1109	YKL184W	0.80536
1110	YJL179W	0.80526
1111	YDR214W	0.80525
1112	YER044C	0.80522
1113	YJL171C	0.80512
1114	YLR259C	0.80511
1115	YBR170C	0.80503
1116	YBL029C-A	0.8049
1117	YHR193C	0.80488
1118	YFR031C	0.80478
1119	YJR048W	0.80478
1120	YDR321W	0.80477
1121	YDL051W	0.80461
1122	YCL043C	0.80456
1123	YMR178W	0.80452
1124	YLR342W	0.80446
1125	YIR009W	0.80443
1126	YDR313C	0.80436
1127	YIL010W	0.80433
1128	YKL035W	0.80431
1129	YJR010C-A	0.80395
1130	YCR061W	0.8038
1131	YOL016C	0.80378
1132	YKL080W	0.80377
1133	YKL148C	0.80371
1134	YKL117W	0.8037
1135	YPL160W	0.80368
1136	YDL124W	0.80366
1137	YCL018W	0.80364
1138	YOR040W	0.80364
1139	YKL021C	0.80361
1140	YMR084W	0.80361
1141	YBR244W	0.80349
1142	YBR132C	0.80342
1143	YOR086C	0.80342
1144	YIR019C	0.80336
1145	YMR027W	0.80332
1146	YER175C	0.80324
1147	YJR014W	0.80323
1148	YDR453C	0.80322
1149	YHR191C	0.80318
1150	YDR448W	0.80317
1151	YOR004W	0.80312
1152	YBR029C	0.80306
1153	YMR120C	0.80296
1154	YHL018W	0.80288
1155	YPR163C	0.80284
1156	YDR105C	0.80282
1157	YOR011W	0.80282
1158	YKR013W	0.80281
1159	YNR020C	0.80272
1160	YKL163W	0.80258
1161	YGL122C	0.80252
1162	YLR367W	0.80248
1163	YER069W	0.80246
1164	YKR018C	0.80238
1165	YOR246C	0.80236
1166	YPR180W	0.8023
1167	YLL023C	0.80226
1168	YDL132W	0.80224
1169	YBL022C	0.80217
1170	YDR525W-A	0.80216
1171	YNL071W	0.80215
1172	YBR286W	0.80209
1173	YLR152C	0.80208
1174	YPR188C	0.80203
1175	YOL092W	0.80196
1176	YHR216W	0.80196
1177	YOL124C	0.80196
1178	YNL312W	0.80195
1179	YLR220W	0.80194
1180	YGL115W	0.80188
1181	YPL134C	0.80186
1182	YML067C	0.80182
1183	YIL142W	0.80182
1184	YDR465C	0.80175
1185	YGL010W	0.8017
1186	YLR146C	0.80164
1187	YAR015W	0.80159
1188	YBR069C	0.80153
1189	YKL008C	0.80149
1190	YLR262C	0.80147
1191	YCR004C	0.8014
1192	YBR291C	0.8014
1193	YKL013C	0.80137
1194	YNL222W	0.80135
1195	YPR024W	0.80134
1196	YAL007C	0.80132
1197	YLR286C	0.8013
1198	YOR384W	0.80127
1199	YMR224C	0.80125
1200	YPR004C	0.8011
1201	YBR155W	0.80101
1202	YJR155W	0.80098
1203	YGR028W	0.80091
1204	YLL029W	0.80091
1205	YHR129C	0.80091
1206	YBL039C	0.80085
1207	YNL153C	0.80082
1208	YPL042C	0.80081
1209	YKL053C-A	0.80081
1210	YJL210W	0.80079
1211	YGR246C	0.80079
1212	YHR211W	0.80072
1213	YDL147W	0.80071
1214	YMR215W	0.80063
1215	YJL190C	0.8006
1216	YDR007W	0.80059
1217	YGR032W	0.80059
1218	YNL240C	0.80057
1219	YPL281C	0.80054
1220	YOR393W	0.80054
1221	YBR046C	0.80054
1222	YJR129C	0.80039
1223	YMR272C	0.80035
1224	YGL105W	0.80031
1225	YGR087C	0.80015
1226	YMR323W	0.80009
1227	YPR131C	0.80007
1228	YER017C	0.80007
1229	YOR163W	0.80005
1230	YKR097W	0.80003
1231	YPR081C	0.79991
1232	YNL065W	0.79988
1233	YOR095C	0.79987
1234	YLL052C	0.79983
1235	YIR034C	0.79977
1236	YDR032C	0.79963
1237	YKL059C	0.79955
1238	YNR046W	0.79947
1239	YHR210C	0.79947
1240	YLR351C	0.79946
1241	YOR108W	0.79944
1242	YBL089W	0.79942
1243	YGL139W	0.79939
1244	YGL207W	0.79936
1245	YHL017W	0.79935
1246	YJL208C	0.79928
1247	YDR111C	0.79926
1248	YMR170C	0.79925
1249	YBR117C	0.79919
1250	YML087C	0.79913
1251	YDR100W	0.79908
1252	YLR048W	0.79903
1253	YFR010W	0.79899
1254	YOR306C	0.79892
1255	YNL021W	0.79889
1256	YHR144C	0.79888
1257	YGR240C	0.79883
1258	YBL105C	0.79882
1259	YNR041C	0.79879
1260	YPL095C	0.79878
1261	YMR319C	0.79873
1262	YGR200C	0.7987
1263	YMR194C-B	0.79861
1264	YNL075W	0.79859
1265	YGL020C	0.79856
1266	YLR046C	0.79848
1267	YGL037C	0.79844
1268	YOR024W	0.79841
1269	YOL073C	0.79837
1270	YOR361C	0.7983
1271	YPR176C	0.79827
1272	YLR330W	0.79823
1273	YFL057C	0.79819
1274	YFR028C	0.79811
1275	YMR069W	0.79801
1276	YJR020W	0.79801
1277	YEL042W	0.79795
1278	YKL069W	0.79786
1279	YNL185C	0.79785
1280	YBR115C	0.7978
1281	YKL060C	0.7977
1282	YBR220C	0.79746
1283	YBL023C	0.79741
1284	YNL220W	0.79741
1285	YLR398C	0.79735
1286	YNL132W	0.79725
1287	YNL200C	0.79723
1288	YKL086W	0.79718
1289	YJR132W	0.79715
1290	YOR217W	0.79714
1291	YGL171W	0.79682
1292	YPL151C	0.79674
1293	YCR105W	0.79674
1294	YJL045W	0.79674
1295	YKR040C	0.79672
1296	YOR243C	0.79669
1297	YBR127C	0.79659
1298	YOL059W	0.79652
1299	YJL136C	0.79641
1300	YDR182W-A	0.79639
1301	YOR298C-A	0.79639
1302	YOL020W	0.79636
1303	YDR291W	0.79634
1304	YDR055W	0.79632
1305	YKL120W	0.79628
1306	YGL212W	0.79621
1307	YLR118C	0.79616
1308	YOR168W	0.79616
1309	YAL067C	0.79608
1310	YPL211W	0.79606
1311	YKL107W	0.79598
1312	YLR420W	0.79596
1313	YLR017W	0.79594
1314	YHR111W	0.79586
1315	YOL125W	0.79573
1316	YDR167W	0.7957
1317	YDR429C	0.79568
1318	YGR192C	0.79563
1319	YPL170W	0.7956
1320	YJL174W	0.79553
1321	YBR234C	0.79546
1322	YHR148W	0.79542
1323	YLR328W	0.79539
1324	YJL068C	0.79537
1325	YCR072C	0.79534
1326	YKR012C	0.79533
1327	YOR099W	0.79521
1328	YEL032W	0.79516
1329	YBR180W	0.79501
1330	YMR009W	0.795
1331	YLR175W	0.79474
1332	YGR244C	0.79466
1333	YBL002W	0.79465
1334	YLR172C	0.79455
1335	YOR142W	0.79454
1336	YGR048W	0.79451
1337	YKR057W	0.7945
1338	YOR292C	0.79445
1339	YDR224C	0.7944
1340	YDR381W	0.79437
1341	YJR024C	0.79437
1342	YKL213C	0.79436
1343	YOR155C	0.79431
1344	YLR241W	0.79427
1345	YBR183W	0.79424
1346	YDR513W	0.79422
1347	YBR112C	0.7942
1348	YOR007C	0.79417
1349	YKL114C	0.79414
1350	YML038C	0.79414
1351	YLR447C	0.79408
1352	YPR128C	0.79408
1353	YNL305C	0.794
1354	YGR095C	0.79398
1355	YPR003C	0.79398
1356	YKL181W	0.79394
1357	YDR392W	0.79393
1358	YIL035C	0.79393
1359	YGR172C	0.79384
1360	YOL080C	0.79377
1361	YKL027W	0.79371
1362	YOL062C	0.79368
1363	YGR287C	0.79355
1364	YPL212C	0.79355
1365	YIL062C	0.79354
1366	YDL174C	0.79342
1367	YLR426W	0.79339
1368	YGR155W	0.79339
1369	YBL040C	0.79332
1370	YNL194C	0.79329
1371	YMR089C	0.79321
1372	YFR047C	0.79318
1373	YML092C	0.79316
1374	YDR487C	0.79313
1375	YOR048C	0.79312
1376	YEL024W	0.79308
1377	YOL119C	0.79302
1378	YNR015W	0.79301
1379	YER006W	0.79289
1380	YHR142W	0.79288
1381	YJL124C	0.79286
1382	YDL155W	0.79284
1383	YNR011C	0.79267
1384	YJR084W	0.79266
1385	YGL206C	0.79256
1386	YOL157C	0.79254
1387	YCR036W	0.79246
1388	YML010W	0.79244
1389	YOR079C	0.79241
1390	YIL166C	0.79234
1391	YKL135C	0.79227
1392	YJR070C	0.79224
1393	YOR303W	0.79222
1394	YPL013C	0.79221
1395	YCL030C	0.79214
1396	YNR019W	0.7921
1397	YNR013C	0.79205
1398	YKR066C	0.79203
1399	YOR096W	0.79201
1400	YBL015W	0.79195
1401	YGR021W	0.79193
1402	YDR488C	0.79192
1403	YFL028C	0.79192
1404	YOL093W	0.79191
1405	YBR037C	0.79187
1406	YHL042W	0.79186
1407	YKL084W	0.79167
1408	YDL217C	0.79167
1409	YBR254C	0.7916
1410	YBR087W	0.79158
1411	YNL096C	0.79151
1412	YDR468C	0.7915
1413	YML077W	0.79146
1414	YHR182C-A	0.79127
1415	YGR037C	0.7912
1416	YER136W	0.79111
1417	YOR316C	0.7911
1418	YOR226C	0.79106
1419	YBL099W	0.79098
1420	YJL155C	0.79097
1421	YBR245C	0.79096
1422	YNR026C	0.79096
1423	YNL232W	0.79091
1424	YDR534C	0.79088
1425	YAL003W	0.79085
1426	YAL022C	0.79078
1427	YEL060C	0.79073
1428	YOR120W	0.79071
1429	YER183C	0.79071
1430	YOL142W	0.79067
1431	YML052W	0.79062
1432	YLL014W	0.79057
1433	YJL221C	0.79049
1434	YIL172C	0.79049
1435	YKL191W	0.79041
1436	YHR020W	0.79032
1437	YJL002C	0.79031
1438	YGR085C	0.79027
1439	YEL047C	0.79024
1440	YAL053W	0.79021
1441	YHL006C	0.79017
1442	YJR085C	0.79015
1443	YJL060W	0.79013
1444	YNL099C	0.79013
1445	YDR121W	0.79013
1446	YPL127C	0.78998
1447	YNR027W	0.78994
1448	YEL001C	0.78982
1449	YKR051W	0.78978
1450	YJR117W	0.78977
1451	YPR034W	0.78973
1452	YOL165C	0.78966
1453	YBR153W	0.78957
1454	YBR011C	0.78957
1455	YOL112W	0.7895
1456	YML098W	0.78941
1457	YLR038C	0.78939
1458	YBR025C	0.78934
1459	YBR092C	0.78932
1460	YLR276C	0.78931
1461	YNL061W	0.78931
1462	YCR023C	0.78928
1463	YGR092W	0.78927
1464	YJR131W	0.78926
1465	YGR277C	0.78919
1466	YOR055W	0.78915
1467	Q0085	0.78911
1468	YPL208W	0.789
1469	YMR099C	0.78899
1470	YDR009W	0.78898
1471	YNL280C	0.78889
1472	YBR002C	0.78888
1473	YPR102C	0.78883
1474	YLR214W	0.78883
1475	YOL034W	0.78882
1476	YCR020C	0.78874
1477	YKL151C	0.78867
1478	YBR177C	0.78863
1479	YIR002C	0.78861
1480	YBR058C	0.78859
1481	YGR029W	0.78858
1482	YBR073W	0.78851
1483	YCR017C	0.78848
1484	YDR378C	0.78845
1485	YBR015C	0.78841
1486	YDR418W	0.78841
1487	YEL054C	0.78841
1488	YPL059W	0.78839
1489	YLR372W	0.78835
1490	YLR377C	0.78833
1491	YBR139W	0.78833
1492	YLR179C	0.7883
1493	YLR078C	0.78828
1494	YJR072C	0.78828
1495	YKR095W-A	0.78826
1496	YKL160W	0.7882
1497	YOL012C	0.78814
1498	YFR032C	0.78811
1499	YLR055C	0.78804
1500	YJR109C	0.78803
1501	YGL224C	0.78801
1502	YDL083C	0.788
1503	YMR143W	0.788
1504	YGL245W	0.78796
1505	YDR264C	0.78794
1506	YHL026C	0.78794
1507	YIL103W	0.78793
1508	YMR006C	0.78786
1509	YDR056C	0.78784
1510	YAL039C	0.78778
1511	YLR070C	0.78776
1512	YHR012W	0.78773
1513	YOR374W	0.78772
1514	YER152C	0.78756
1515	YNL067W	0.78754
1516	YKL028W	0.78748
1517	YLR008C	0.78741
1518	YFL002C	0.78737
1519	YAL029C	0.78732
1520	YGL101W	0.7873
1521	YPL153C	0.7872
1522	YGR271W	0.78711
1523	YEL059C-A	0.78708
1524	YOR049C	0.78708
1525	YOR145C	0.78708
1526	YLR129W	0.78706
1527	YDR019C	0.78702
1528	YHR040W	0.78698
1529	YOR250C	0.78696
1530	YHR029C	0.78695
1531	YGR063C	0.78689
1532	YBR248C	0.78685
1533	YMR083W	0.78685
1534	YGL198W	0.78684
1535	YHR112C	0.78672
1536	YPL050C	0.78666
1537	YJL151C	0.78661
1538	YJR013W	0.7866
1539	YHR031C	0.78657
1540	YLR074C	0.78653
1541	YKL004W	0.7865
1542	YER142C	0.78645
1543	YKL009W	0.7864
1544	YDR399W	0.78633
1545	YCL011C	0.78631
1546	YPL012W	0.78623
1547	YFL059W	0.78621
1548	YKL029C	0.7861
1549	YKR050W	0.78607
1550	YJL128C	0.78603
1551	YBR236C	0.78597
1552	YKR009C	0.78578
1553	YOL086W-A	0.78574
1554	YOR335C	0.78558
1555	YOR285W	0.78557
1556	YMR253C	0.78552
1557	YMR113W	0.78535
1558	YPL122C	0.78532
1559	YHR027C	0.78528
1560	YIR008C	0.78527
1561	YOR304W	0.78518
1562	YLR218C	0.78516
1563	YHR046C	0.78514
1564	YCR107W	0.78514
1565	YPR058W	0.78512
1566	YOR196C	0.78511
1567	YEL020C	0.78509
1568	YBL032W	0.7849
1569	YBR283C	0.78489
1570	YCR053W	0.78481
1571	YLR412W	0.78479
1572	YNL057W	0.78477
1573	YDL238C	0.78477
1574	YKL212W	0.78476
1575	YKL081W	0.78472
1576	YNL333W	0.78468
1577	YLR369W	0.78466
1578	YJR151C	0.78447
1579	YPR019W	0.78442
1580	YCR037C	0.78439
1581	YOL140W	0.78434
1582	YKL186C	0.78433
1583	YDL072C	0.78426
1584	YCR069W	0.78413
1585	YAL044C	0.78403
1586	YPL048W	0.784
1587	YBR053C	0.78399
1588	YPL113C	0.78381
1589	YIL051C	0.78368
1590	YEL071W	0.78367
1591	YFL022C	0.78359
1592	YMR145C	0.78359
1593	YOR367W	0.78356
1594	YDR490C	0.78347
1595	YLR429W	0.78345
1596	YPL004C	0.78325
1597	YMR020W	0.7832
1598	YMR173W-A	0.78311
1599	YDR352W	0.78308
1600	YLR307W	0.78304
1601	YML075C	0.78302
1602	YDL218W	0.78299
1603	YGR264C	0.78294
1604	YMR093W	0.78291
1605	YEL052W	0.78288
1606	YMR085W	0.7828
1607	YMR220W	0.78277
1608	YDR287W	0.78276
1609	YER091C	0.78263
1610	YGL147C	0.78262
1611	YPR127W	0.78248
1612	YKR088C	0.78243
1613	YGL208W	0.78241
1614	YPL171C	0.7824
1615	YEL034C-A	0.78231
1616	YNL087W	0.7823
1617	YHR179W	0.78228
1618	YBL007C	0.78227
1619	YNL117W	0.78225
1620	YJR040W	0.78215
1621	YDL080C	0.7821
1622	YIL108W	0.78209
1623	YIL153W	0.78208
1624	YBR101C	0.78203
1625	YLR100W	0.78201
1626	YDR492W	0.78196
1627	YKR104W	0.78188
1628	YOR351C	0.78184
1629	YIL013C	0.78184
1630	YIR031C	0.78182
1631	YNR074C	0.78175
1632	YGR245C	0.78168
1633	YLL034C	0.78159
1634	YNL326C	0.78151
1635	YER156C	0.78151
1636	YER120W	0.78147
1637	YJL153C	0.78146
1638	YJR145C	0.78142
1639	YHR203C	0.78142
1640	YDL110C	0.78138
1641	YPL214C	0.78133
1642	YMR262W	0.78132
1643	YBR091C	0.78131
1644	YPR054W	0.78129
1645	YBR014C	0.78123
1646	YGR010W	0.78123
1647	YJR146W	0.78118
1648	YBL011W	0.78109
1649	YML131W	0.78107
1650	YDL145C	0.78106
1651	YOR034C	0.78099
1652	YBR204C	0.78095
1653	YGR094W	0.78094
1654	YKL091C	0.78094
1655	YML064C	0.78087
1656	YNL329C	0.78084
1657	YGR159C	0.78082
1658	YHR108W	0.78072
1659	YDR483W	0.78054
1660	YBR003W	0.78054
1661	YAL021C	0.78052
1662	YOR357C	0.78048
1663	YPR167C	0.78028
1664	YDR441C	0.78028
1665	YLR145W	0.78027
1666	YOL009C	0.78024
1667	YHL015W	0.78013
1668	YDR305C	0.78012
1669	YER013W	0.78009
1670	YLR383W	0.78001
1671	YFR006W	0.77997
1672	YDR530C	0.77992
1673	YLR065C	0.77988
1674	YDR502C	0.77978
1675	YOL154W	0.77968
1676	YKL161C	0.77961
1677	YIR027C	0.77957
1678	YPL236C	0.77948
1679	YBR001C	0.77947
1680	YDR035W	0.77944
1681	YDL190C	0.77944
1682	YLR399C	0.77941
1683	YGR082W	0.77938
1684	YFL052W	0.77931
1685	YER039C-A	0.77929
1686	YCL042W	0.77927
1687	YGL055W	0.77907
1688	YKR081C	0.77906
1689	YOR253W	0.77886
1690	YJL087C	0.77872
1691	YER168C	0.77868
1692	YDL138W	0.77868
1693	YOL077C	0.77867
1694	YLR138W	0.77864
1695	YML086C	0.77857
1696	YKR102W	0.77849
1697	YOR074C	0.77847
1698	YLR253W	0.77841
1699	YCR008W	0.77834
1700	YMR132C	0.77831
1701	YAL004W	0.77814
1702	YER134C	0.77806
1703	YDL081C	0.77804
1704	YLR304C	0.77788
1705	YFL016C	0.77785
1706	YBR017C	0.77769
1707	YAR023C	0.77762
1708	YGR262C	0.77759
1709	YNL223W	0.77759
1710	YBR041W	0.77756
1711	YBL068W-A	0.77751
1712	YBR267W	0.77748
1713	YFR024C-A	0.77748
1714	YDR188W	0.77745
1715	YGL104C	0.7774
1716	YOR391C	0.77738
1717	YLL058W	0.77737
1718	YGL242C	0.77735
1719	YPR038W	0.77732
1720	YHL034C	0.77721
1721	YOR241W	0.77719
1722	YLL009C	0.77718
1723	YOL008W	0.77709
1724	YGR292W	0.77708
1725	YKL126W	0.77679
1726	YCR102C	0.77659
1727	YJR103W	0.77657
1728	YGL095C	0.77654
1729	YDR112W	0.77652
1730	YMR263W	0.77649
1731	YKR001C	0.77649
1732	YLR449W	0.77649
1733	YBL001C	0.77646
1734	YMR296C	0.77641
1735	YBR023C	0.77632
1736	YGR276C	0.77626
1737	YKL156W	0.77624
1738	YFL034C-A	0.77619
1739	YMR225C	0.77617
1740	YNL037C	0.77615
1741	YOR223W	0.77614
1742	YNL016W	0.77608
1743	YJR016C	0.77607
1744	YDR051C	0.77605
1745	YDR127W	0.77598
1746	YHR039C	0.77597
1747	YMR101C	0.77595
1748	YMR250W	0.77593
1749	YGR195W	0.77593
1750	YIL099W	0.77588
1751	YDR083W	0.77588
1752	YKL221W	0.77585
1753	YOL006C	0.77569
1754	YGR173W	0.77568
1755	YPR107C	0.77564
1756	YLR180W	0.77563
1757	YBL056W	0.77534
1758	YOR369C	0.77527
1759	YHR104W	0.77511
1760	YBR299W	0.77504
1761	YLR019W	0.77498
1762	YBR039W	0.77493
1763	YJL116C	0.77491
1764	YKR042W	0.77485
1765	YOR175C	0.77482
1766	YOR311C	0.77481
1767	YNL056W	0.7748
1768	YLR181C	0.77472
1769	YOR261C	0.77472
1770	YHR181W	0.77472
1771	YDR243C	0.77471
1772	YOR184W	0.77471
1773	YML074C	0.77463
1774	YGL205W	0.77463
1775	YEL003W	0.77462
1776	YER176W	0.77457
1777	YOL011W	0.77456
1778	YHR021C	0.77455
1779	YMR180C	0.77449
1780	YPL231W	0.77443
1781	YMR167W	0.77439
1782	YLR066W	0.77437
1783	YDR263C	0.77433
1784	YDR331W	0.77414
1785	YJR032W	0.7741
1786	YGR144W	0.77407
1787	YFL030W	0.77406
1788	YJR133W	0.77399
1789	YGL148W	0.77395
1790	YDR447C	0.77394
1791	YGR189C	0.77387
1792	YER147C	0.77384
1793	YFL042C	0.77379
1794	YDL194W	0.77374
1795	YOR356W	0.77361
1796	YHR201C	0.77358
1797	YBR052C	0.77354
1798	YEL056W	0.77349
1799	YNL079C	0.77347
1800	YER170W	0.77344
1801	YOR172W	0.77343
1802	YDR284C	0.77341
1803	YMR244W	0.77337
1804	YML024W	0.77335
1805	YLR287C	0.77334
1806	YKL041W	0.77324
1807	YPR111W	0.77323
1808	YLR022C	0.77319
1809	YBL018C	0.77314
1810	YNL260C	0.77313
1811	YOR280C	0.77313
1812	YGR019W	0.77312
1813	YLL015W	0.77311
1814	YLR099C	0.7731
1815	YLR300W	0.77306
1816	YCR075W-A	0.77303
1817	YGL190C	0.773
1818	YNL141W	0.77299
1819	YPR153W	0.7729
1820	YML035C	0.77282
1821	YPL131W	0.77274
1822	YJL059W	0.77272
1823	YOR318C	0.7727
1824	YGR285C	0.77266
1825	YMR161W	0.77256
1826	YML070W	0.77224
1827	YGL232W	0.77223
1828	YNL229C	0.77218
1829	YMR316C-B	0.77218
1830	YDR211W	0.77215
1831	YIL164C	0.77214
1832	YGR004W	0.77212
1833	YIL075C	0.77211
1834	YOR165W	0.77209
1835	YOR110W	0.77207
1836	YIL063C	0.77204
1837	YLR390W	0.77201
1838	YGR181W	0.77199
1839	YPL280W	0.77187
1840	YLR197W	0.77181
1841	YMR251W	0.77177
1842	YOL039W	0.7717
1843	YLR189C	0.77169
1844	YLR285W	0.77155
1845	YMR306W	0.77154
1846	YER070W	0.7715
1847	YNL175C	0.77133
1848	YLR072W	0.77133
1849	YOR213C	0.77119
1850	YGR125W	0.77118
1851	YCR106W	0.77116
1852	YLR108C	0.77115
1853	YGR199W	0.7711
1854	YJL080C	0.77103
1855	YDR398W	0.77101
1856	YOR161W-B	0.77097
1857	YFR050C	0.77094
1858	YNL121C	0.77093
1859	YGL030W	0.7709
1860	YLR460C	0.77088
1861	YLR324W	0.77083
1862	YPR056W	0.77072
1863	YIL033C	0.7707
1864	YGR243W	0.77067
1865	YJR149W	0.77057
1866	YNR052C	0.77057
1867	YGL114W	0.77052
1868	YML065W	0.77032
1869	YGR242W	0.77031
1870	YER065C	0.77028
1871	YOR119C	0.77027
1872	YLR409C	0.77023
1873	YDR415C	0.77022
1874	YDL093W	0.77022
1875	YHR168W	0.77022
1876	YHR143W-A	0.77007
1877	YOR232W	0.76998
1878	YLR061W	0.76992
1879	YMR264W	0.76982
1880	YJL041W	0.76978
1881	YNR034W-A	0.76977
1882	YLR026C	0.76977
1883	YLR231C	0.76969
1884	YIL068C	0.76968
1885	YGL044C	0.76962
1886	YKL085W	0.76959
1887	YPR073C	0.76959
1888	YFL048C	0.76955
1889	YOR151C	0.76947
1890	YLR222C	0.76946
1891	YLL041C	0.76938
1892	YOR206W	0.76937
1893	YDL141W	0.76936
1894	YNL190W	0.76934
1895	YMR322C	0.76921
1896	YNR065C	0.76921
1897	YJL104W	0.7691
1898	YGR012W	0.769
1899	YPR120C	0.76899
1900	YGL068W	0.76898
1901	YGL028C	0.76898
1902	YMR123W	0.76896
1903	YDL202W	0.76895
1904	YDL205C	0.76894
1905	YOR370C	0.76893
1906	YLR203C	0.7689
1907	YNL066W	0.76879
1908	YPR201W	0.76878
1909	YGR263C	0.76854
1910	YDL092W	0.76846
1911	YOR262W	0.76837
1912	YML055W	0.76836
1913	YGR288W	0.76835
1914	YKR024C	0.76833
1915	YGR026W	0.7683
1916	YKL144C	0.76827
1917	YOL018C	0.76824
1918	YIL066C	0.76821
1919	YGL262W	0.76819
1920	YJR121W	0.76807
1921	YGR284C	0.76806
1922	YDR013W	0.768
1923	YGL009C	0.76795
1924	YLR382C	0.76792
1925	YPR112C	0.76791
1926	YDL036C	0.76789
1927	YHR039C-A	0.76788
1928	YBR149W	0.76786
1929	YLR389C	0.76783
1930	YNL322C	0.76779
1931	YOR162C	0.76779
1932	YLR339C	0.76774
1933	YFL008W	0.76768
1934	YDL085W	0.76765
1935	YPR198W	0.76761
1936	YCR076C	0.76755
1937	YHR041C	0.76749
1938	YKL017C	0.76744
1939	YGL033W	0.76742
1940	YBR111C	0.76731
1941	YML126C	0.7673
1942	YKL197C	0.76727
1943	YDR236C	0.7671
1944	YPL239W	0.76706
1945	Q0250	0.76704
1946	YNL243W	0.76697
1947	YAR018C	0.76688
1948	YLR410W	0.76686
1949	YKR056W	0.76675
1950	YLR210W	0.76671
1951	YGL202W	0.76669
1952	YJL125C	0.76665
1953	YBR162C	0.76665
1954	YIL106W	0.76662
1955	YOR016C	0.7666
1956	YDL213C	0.76659
1957	YDL130W	0.76656
1958	YPL227C	0.76652
1959	YJR064W	0.76639
1960	YNL287W	0.76639
1961	YJR125C	0.7663
1962	YGL238W	0.76628
1963	YFR038W	0.76619
1964	YDR539W	0.76615
1965	YBR223C	0.76609
1966	YOR065W	0.76609
1967	YLR435W	0.76605
1968	YLR120C	0.76604
1969	YAL035W	0.76589
1970	YOR239W	0.76588
1971	YPR186C	0.76584
1972	YPL087W	0.76581
1973	YBR214W	0.76571
1974	YCR101C	0.76565
1975	YMR092C	0.76565
1976	YLR401C	0.76563
1977	YPR197C	0.76558
1978	YNL207W	0.76557
1979	YFL001W	0.76556
1980	YBR093C	0.76547
1981	YKL051W	0.76547
1982	YML054C	0.76542
1983	YLL036C	0.76533
1984	YDR481C	0.7653
1985	YBR062C	0.76528
1986	YHR215W	0.76524
1987	YHR100C	0.76521
1988	YPR037C	0.76519
1989	YBL013W	0.76519
1990	YAR042W	0.76518
1991	YOR209C	0.76518
1992	YPR178W	0.76516
1993	YDR193W	0.76515
1994	YJL082W	0.76503
1995	YER018C	0.76492
1996	YGR078C	0.76489
1997	YLR343W	0.76478
1998	YCR024C-A	0.7647
1999	YNR062C	0.76467
2000	YGL069C	0.76457
2001	YHR034C	0.76456
2002	YGL156W	0.76455
2003	YOR207C	0.76451
2004	YAL019W	0.76445
2005	YER100W	0.76441
2006	YHR066W	0.76432
2007	YGL241W	0.76424
2008	YIL047C	0.76419
2009	YGL154C	0.76418
2010	YLR446W	0.76413
2011	YIL016W	0.76408
2012	YDL011C	0.76408
2013	YAL037C-B	0.76404
2014	YCR094W	0.76402
2015	YAL009W	0.76401
2016	YER027C	0.76398
2017	YEL004W	0.76391
2018	YOL153C	0.76391
2019	YLR421C	0.76389
2020	YPL282C	0.76382
2021	YOR394W	0.76382
2022	YJL088W	0.7638
2023	YBR162W-A	0.76369
2024	YMR139W	0.76361
2025	YAR071W	0.7636
2026	YCR087C-A	0.76349
2027	YOR003W	0.76349
2028	YOR039W	0.76343
2029	YNL022C	0.76338
2030	YNL313C	0.76335
2031	YFL044C	0.76332
2032	YCR002C	0.76325
2033	YPR123C	0.76321
2034	YKL154W	0.76317
2035	YNL203C	0.76314
2036	YER117W	0.76306
2037	YBL087C	0.76306
2038	YOR310C	0.763
2039	YOL067C	0.76299
2040	YPR010C	0.76294
2041	YKL065C	0.76288
2042	YCR045C	0.76281
2043	YBR167C	0.76278
2044	YCL075W	0.76277
2045	YPL142C	0.76276
2046	YLR109W	0.76269
2047	YDR358W	0.76267
2048	YPR025C	0.76267
2049	YLR056W	0.76264
2050	YAR062W	0.76264
2051	YHR213W	0.76264
2052	YKL202W	0.76248
2053	YHR205W	0.76247
2054	YGL040C	0.7624
2055	YLR050C	0.76236
2056	YER163C	0.76223
2057	YLR174W	0.7622
2058	YDR094W	0.76208
2059	YJL074C	0.76206
2060	YBR208C	0.76199
2061	YJL158C	0.76194
2062	YDR476C	0.76191
2063	YMR277W	0.76188
2064	YMR310C	0.76177
2065	YBR031W	0.76172
2066	YDL031W	0.76169
2067	YNL003C	0.76163
2068	YIR013C	0.76162
2069	YLR413W	0.76158
2070	YMR040W	0.76157
2071	YOR021C	0.76149
2072	YJL160C	0.76147
2073	YDL120W	0.76142
2074	YPL002C	0.76141
2075	YEL019C	0.76138
2076	YAL036C	0.76121
2077	YCR013C	0.76117
2078	YBR110W	0.76117
2079	YNL181W	0.7611
2080	YPR157W	0.7611
2081	YLL045C	0.7611
2082	YOL072W	0.76105
2083	YNL161W	0.76102
2084	YKR070W	0.76101
2085	YLL048C	0.76091
2086	YOR271C	0.76089
2087	YJL077W-A	0.76089
2088	YPR147C	0.76087
2089	YOR295W	0.76085
2090	YOL068C	0.7608
2091	YPR200C	0.76076
2092	YGL240W	0.76071
2093	YLR178C	0.76066
2094	YCR028C-A	0.76064
2095	YFR025C	0.76062
2096	YDR012W	0.76054
2097	YNL023C	0.76045
2098	Q0050	0.76034
2099	YKL022C	0.76029
2100	YIL007C	0.76018
2101	YPL262W	0.76014
2102	YHR147C	0.76006
2103	YJL178C	0.76004
2104	YGR187C	0.76002
2105	YJL130C	0.75991
2106	YKL153W	0.75989
2107	YDL096C	0.75985
2108	YJL097W	0.75983
2109	YKL189W	0.75981
2110	YIL014W	0.75979
2111	YCL047C	0.75977
2112	YIL126W	0.75972
2113	YPR100W	0.75964
2114	YGR074W	0.75963
2115	YPR133C	0.75957
2116	YGL050W	0.75955
2117	YKR084C	0.75952
2118	YDL160C-A	0.75944
2119	YOL096C	0.75943
2120	YPL207W	0.7594
2121	YKR055W	0.75937
2122	YLR272C	0.75935
2123	YOR109W	0.75931
2124	YGL123W	0.75928
2125	YJL172W	0.75925
2126	YDR312W	0.75919
2127	YGR229C	0.75918
2128	YER016W	0.75918
2129	YBR198C	0.7591
2130	YMR088C	0.75906
2131	YMR304W	0.75895
2132	YNL082W	0.75891
2133	YIR038C	0.75891
2134	YLR205C	0.7589
2135	YHR176W	0.7589
2136	YGR086C	0.75889
2137	YKL209C	0.75885
2138	YNL129W	0.75884
2139	YJR107W	0.75883
2140	YHL033C	0.7588
2141	YNL001W	0.7588
2142	YHR173C	0.75878
2143	YDR209C	0.75878
2144	YOR164C	0.75875
2145	YOR341W	0.75874
2146	YMR208W	0.75872
2147	YGR133W	0.7587
2148	YPR144C	0.7586
2149	YDL241W	0.75857
2150	YDR234W	0.75856
2151	YKR079C	0.75853
2152	YJL093C	0.75846
2153	YJL062W	0.75846
2154	YEL029C	0.75841
2155	YIR004W	0.75837
2156	YOR116C	0.75829
2157	YDR191W	0.75821
2158	YER164W	0.75814
2159	YHR049W	0.75806
2160	YBL096C	0.75803
2161	YBR104W	0.7579
2162	YDR164C	0.75787
2163	YER162C	0.75786
2164	YOR274W	0.75784
2165	YLR405W	0.75776
2166	YOR077W	0.75775
2167	YDR256C	0.75772
2168	YHR162W	0.75766
2169	YLR212C	0.75766
2170	YHR033W	0.75747
2171	YMR268C	0.75741
2172	YPL143W	0.75741
2173	Q0142	0.75735
2174	YER029C	0.75735
2175	YDL079C	0.75735
2176	YCL050C	0.75733
2177	YGR266W	0.75732
2178	YGL165C	0.75729
2179	YDL090C	0.75726
2180	YPR190C	0.75725
2181	YFR021W	0.75721
2182	YNR008W	0.75719
2183	YPL184C	0.75714
2184	YDR522C	0.7571
2185	YHR088W	0.75707
2186	YGR024C	0.75706
2187	YOL064C	0.757
2188	YHR187W	0.75698
2189	YKL026C	0.7569
2190	YMR114C	0.7568
2191	YNL246W	0.7567
2192	YMR001C	0.75666
2193	YHR117W	0.7566
2194	YAL046C	0.75654
2195	YHR165W-A	0.75652
2196	YBR201W	0.75652
2197	YFR030W	0.75648
2198	YBR018C	0.75647
2199	YFR005C	0.75633
2200	YML090W	0.75629
2201	YDL004W	0.75628
2202	YKR076W	0.75617
2203	YDR161W	0.75603
2204	YKL030W	0.75598
2205	YKR067W	0.75597
2206	YML072C	0.75596
2207	YJR078W	0.75593
2208	YCL038C	0.75584
2209	YDR477W	0.7558
2210	YDR459C	0.7558
2211	YNL059C	0.7558
2212	YPL222C-A	0.75574
2213	YMR244C-A	0.75571
2214	YLR117C	0.7557
2215	YKL070W	0.75569
2216	YER063W	0.75567
2217	YLR037C	0.75558
2218	YDR436W	0.75551
2219	YGR036C	0.7555
2220	YOR301W	0.75547
2221	YAL016C-A	0.75544
2222	YJL175W	0.75544
2223	YBR010W	0.75541
2224	YCR005C	0.75538
2225	YOL130W	0.75537
2226	YDL037C	0.75535
2227	YJR141W	0.75534
2228	YNR017W	0.7553
2229	YFL034C-B	0.75523
2230	YLL025W	0.75521
2231	YNR036C	0.75517
2232	YLR345W	0.75511
2233	YPL183C	0.75508
2234	YLR086W	0.75508
2235	YDL023C	0.75506
2236	YKR035W-A	0.75491
2237	YDL228C	0.7549
2238	YGR022C	0.75488
2239	YHR161C	0.75487
2240	YCR044C	0.75485
2241	YPL222W	0.75483
2242	YJL064W	0.75472
2243	YGL181W	0.75466
2244	YDR257C	0.75461
2245	YHR202W	0.75458
2246	YHR037W	0.75458
2247	YNL045W	0.75452
2248	YIL123W	0.7545
2249	YCR038W-A	0.75438
2250	YPR172W	0.75428
2251	YOR331C	0.75427
2252	YNR051C	0.75424
2253	YDR395W	0.75424
2254	YDL200C	0.75417
2255	YOR234C	0.7541
2256	YLR196W	0.75405
2257	YBL064C	0.75404
2258	YDR170C	0.75404
2259	YHR024C	0.75402
2260	YJR057W	0.75395
2261	YDR450W	0.75394
2262	YML026C	0.75394
2263	YPR118W	0.75386
2264	YJL078C	0.75384
2265	YJL117W	0.75384
2266	YBR070C	0.75383
2267	YBR192W	0.75382
2268	YBL017C	0.75378
2269	YEL036C	0.75377
2270	YDR144C	0.75377
2271	YDR097C	0.75373
2272	YLR451W	0.75372
2273	YBR223W-A	0.75361
2274	YCL059C	0.75357
2275	YMR038C	0.75357
2276	YGL140C	0.75353
2277	YLR292C	0.75343
2278	YIL039W	0.75343
2279	YGL183C	0.75341
2280	YHR001W	0.7534
2281	YBL098W	0.75339
2282	YKL182W	0.75326
2283	YDR518W	0.75324
2284	YBR096W	0.75323
2285	YDR265W	0.75319
2286	YIL142C-A	0.75315
2287	YPR094W	0.75303
2288	YLR418C	0.75302
2289	YDR382W	0.75297
2290	YPR140W	0.75293
2291	YOL155C	0.75293
2292	YOR181W	0.7529
2293	Q0105	0.75288
2294	YBR166C	0.75284
2295	YDL185W	0.75282
2296	YDR493W	0.7527
2297	YNL321W	0.75268
2298	YHL013C	0.75255
2299	YGL143C	0.75255
2300	YCL026C-A	0.75247
2301	YLL011W	0.75247
2302	YPL238C	0.75234
2303	YML057C-A	0.75221
2304	YMR325W	0.7522
2305	YOR382W	0.7522
2306	YGR093W	0.7522
2307	YER010C	0.75218
2308	YNL102W	0.75216
2309	YDL159C-B	0.7521
2310	YIR015W	0.75208
2311	YJL195C	0.75197
2312	YJL081C	0.75194
2313	YNL049C	0.75188
2314	YPR098C	0.75183
2315	YDR117C	0.75174
2316	YMR218C	0.75173
2317	YNL088W	0.75169
2318	YMR162C	0.75165
2319	YDR338C	0.75158
2320	YEL006W	0.75155
2321	YNL292W	0.75155
2322	YIL100C-A	0.75151
2323	Q0065	0.75149
2324	YIL083C	0.75149
2325	YPL001W	0.75137
2326	YKL187C	0.75136
2327	YGR083C	0.75126
2328	YNR033W	0.75118
2329	YGR220C	0.75116
2330	YMR239C	0.75114
2331	YDR386W	0.75111
2332	YPR087W	0.75099
2333	YPL024W	0.75099
2334	YER116C	0.75097
2335	YBR056W	0.75094
2336	YGR141W	0.75084
2337	YOR045W	0.75078
2338	YBR190W	0.75077
2339	YKL193C	0.75076
2340	YOR286W	0.75072
2341	YNL192W	0.75071
2342	YOR252W	0.75071
2343	YFR035C	0.75064
2344	YAL056C-A	0.75064
2345	YPR092W	0.75061
2346	YPR161C	0.7506
2347	YBL108W	0.75057
2348	YKR017C	0.75048
2349	YDR145W	0.75044
2350	YDL078C	0.75032
2351	YDL177C	0.75031
2352	YIR029W	0.75029
2353	YIR041W	0.75026
2354	YIL082W-A	0.75025
2355	YNR001C	0.75024
2356	YFR048W	0.75023
2357	YNL107W	0.75022
2358	YHR010W	0.7502
2359	YCR104W	0.75017
2360	YAL018C	0.75015
2361	YGR201C	0.75012
2362	YLR076C	0.7501
2363	YOR091W	0.75008
2364	YHR151C	0.75005
2365	YBR079C	0.75
2366	YGR001C	0.74998
2367	YNL248C	0.74997
2368	Q0120	0.74996
2369	YIL034C	0.74992
2370	YDR471W	0.74991
2371	YBL100C	0.74987
2372	YER165C-A	0.74981
2373	YDL041W	0.74978
2374	YJL220W	0.74972
2375	YIL171W-A	0.74972
2376	YLL001W	0.7497
2377	YLL043W	0.74968
2378	YOR150W	0.7496
2379	YBL106C	0.74958
2380	YPL088W	0.74955
2381	YIL171W	0.7495
2382	YPL157W	0.74948
2383	YPL217C	0.74939
2384	YLR041W	0.74926
2385	YML004C	0.74922
2386	YMR196W	0.7492
2387	YOL046C	0.74919
2388	YNL101W	0.74917
2389	YBR103W	0.74906
2390	YGR162W	0.74903
2391	YHR002W	0.74895
2392	YOL041C	0.74894
2393	YFL003C	0.74889
2394	YDL008W	0.74888
2395	YDR210W	0.74888
2396	YMR062C	0.74877
2397	YFR041C	0.74877
2398	YBR151W	0.74876
2399	YNL316C	0.74873
2400	YFL050C	0.74867
2401	YKR047W	0.74862
2402	YMR242W-A	0.7486
2403	YML121W	0.74859
2404	YNR029C	0.74855
2405	YOR387C	0.74846
2406	YER082C	0.74837
2407	YJR067C	0.74824
2408	YGL074C	0.74821
2409	YOR056C	0.74818
2410	YLR335W	0.74814
2411	YHR209W	0.74809
2412	YNL040W	0.74808
2413	YFL054C	0.74808
2414	YMR152W	0.74807
2415	YLR215C	0.74806
2416	YKL003C	0.74803
2417	YLR014C	0.74798
2418	YLR007W	0.74791
2419	YLL064C	0.7479
2420	YNR076W	0.7479
2421	YHR121W	0.74785
2422	YKL224C	0.74785
2423	YOL098C	0.74784
2424	YCL005W-A	0.74779
2425	YNR067C	0.74773
2426	YKR062W	0.74771
2427	YGL089C	0.74766
2428	YDR041W	0.74766
2429	YEL017C-A	0.74764
2430	YDR031W	0.74748
2431	YER172C	0.74747
2432	YBL055C	0.74746
2433	YDR324C	0.74743
2434	YDR542W	0.74742
2435	YBR237W	0.74742
2436	YAR003W	0.74741
2437	YGL166W	0.7474
2438	YJL011C	0.7473
2439	YGL236C	0.7473
2440	YBR227C	0.7472
2441	YLR414C	0.74719
2442	YFR033C	0.74715
2443	YHR178W	0.74712
2444	YEL053W-A	0.74708
2445	YHR098C	0.74702
2446	YLR380W	0.74697
2447	YOL123W	0.74693
2448	YKR003W	0.74688
2449	YOR139C	0.74687
2450	YIL004C	0.74685
2451	YJL072C	0.7468
2452	YLR083C	0.74678
2453	YNR016C	0.74677
2454	YIL067C	0.74676
2455	YFL034W	0.74674
2456	YIL022W	0.74673
2457	YJL191W	0.74667
2458	YHR008C	0.74664
2459	YGR047C	0.74663
2460	YNL155W	0.74662
2461	YGL261C	0.74662
2462	YBL108C-A	0.74662
2463	YAL068C	0.74662
2464	YAR019W-A	0.74662
2465	YER076C	0.74658
2466	YLR275W	0.74657
2467	YFL015C	0.74648
2468	YPR170W-B	0.74645
2469	YLR075W	0.74642
2470	YOR390W	0.7464
2471	YML005W	0.74632
2472	YBR146W	0.74629
2473	YJL222W	0.74628
2474	YLR461W	0.74627
2475	YOL114C	0.74626
2476	YGR073C	0.74623
2477	YDR514C	0.74622
2478	YHL046C	0.7462
2479	YLR306W	0.74611
2480	YOL052C	0.7461
2481	YIL054W	0.74609
2482	YNL328C	0.74609
2483	YPL060W	0.74607
2484	YDR452W	0.74604
2485	YJR042W	0.74602
2486	YPR168W	0.746
2487	YDR183W	0.74596
2488	YBR024W	0.74594
2489	YBR297W	0.74592
2490	YPR002W	0.74588
2491	YDR292C	0.74585
2492	YMR063W	0.7458
2493	YJL163C	0.74579
2494	YDL101C	0.74577
2495	YOL121C	0.74575
2496	YDR269C	0.74573
2497	YDL040C	0.7457
2498	YNR012W	0.74564
2499	YJR010W	0.7456
2500	YHR116W	0.74558
2501	YBR174C	0.74549
2502	YFL004W	0.74549
2503	YPR066W	0.74546
2504	YPR159W	0.74543
2505	YER014W	0.74542
2506	YGL065C	0.74542
2507	YIL173W	0.74541
2508	YDR336W	0.74537
2509	YDL193W	0.74529
2510	YOR136W	0.74528
2511	YOR118W	0.7452
2512	YJL063C	0.74498
2513	YCL057C-A	0.74489
2514	YOR325W	0.74484
2515	YHR062C	0.74481
2516	YBR009C	0.74478
2517	YJL010C	0.74472
2518	YNL028W	0.74472
2519	YCL045C	0.74464
2520	YOR218C	0.74458
2521	YMR324C	0.74458
2522	YHR003C	0.74457
2523	YLR399W-A	0.74457
2524	YLR003C	0.74454
2525	YHL031C	0.74447
2526	YKR052C	0.74444
2527	YML094C-A	0.74442
2528	YHL002W	0.74441
2529	YOR376W-A	0.74428
2530	YOL061W	0.74425
2531	YOR254C	0.74423
2532	YOL050C	0.74407
2533	YDR182W	0.744
2534	YEL044W	0.74399
2535	YBL062W	0.74398
2536	YHL030W-A	0.74398
2537	YGR294W	0.74394
2538	YDL178W	0.74389
2539	YOR291W	0.74389
2540	YOL113W	0.74385
2541	YLR141W	0.74382
2542	YDR464C-A	0.74381
2543	YGR109W-B	0.74379
2544	YCR100C	0.7437
2545	YGR027C	0.7437
2546	YHR194W	0.74367
2547	YKL019W	0.74366
2548	YPL179W	0.74364
2549	YKL194C	0.7436
2550	YOR102W	0.74355
2551	YGR061C	0.74354
2552	YPL152W	0.74354
2553	YJL027C	0.74349
2554	YIL030C	0.74341
2555	YDR380W	0.74331
2556	YPL097W	0.74326
2557	YPL279C	0.74318
2558	YCR031C	0.74312
2559	YDR506C	0.74308
2560	YLR375W	0.74306
2561	YCR084C	0.74306
2562	YGL258W	0.74305
2563	YJL223C	0.74303
2564	YIL176C	0.74303
2565	YOR173W	0.74297
2566	YMR057C	0.74294
2567	YJR071W	0.74294
2568	YJL115W	0.7429
2569	YHR140W	0.74283
2570	YBR175W	0.74281
2571	YLR089C	0.74271
2572	YOR176W	0.74264
2573	YPL270W	0.74263
2574	YOR377W	0.74262
2575	YFL020C	0.74262
2576	YGL103W	0.74259
2577	YIR023C-A	0.74257
2578	YFL046W	0.74256
2579	YKR086W	0.7425
2580	YBR221W-A	0.74248
2581	YGL049C	0.74241
2582	YDL039C	0.74237
2583	YPR064W	0.74235
2584	YCR046C	0.74235
2585	YDL226C	0.74234
2586	YKL095W	0.74225
2587	YKL031W	0.74215
2588	YPL008W	0.74212
2589	YHR028C	0.74206
2590	YML110C	0.74205
2591	YGR121W-A	0.74204
2592	YNL302C	0.74195
2593	YNL081C	0.74194
2594	YLR281C	0.74193
2595	YDR107C	0.74191
2596	YER001W	0.74185
2597	YDR067C	0.74182
2598	YMR200W	0.7418
2599	YDR077W	0.74173
2600	YDR364C	0.74173
2601	YER002W	0.74171
2602	YFL013W-A	0.7417
2603	YNL015W	0.74166
2604	YER188W	0.74158
2605	YBR301W	0.74157
2606	YGL082W	0.74151
2607	YOL161C	0.74147
2608	YDR432W	0.74139
2609	YAR075W	0.74139
2610	YGL196W	0.74138
2611	YCL054W	0.74138
2612	YGL018C	0.74132
2613	YMR074C	0.74132
2614	YDR298C	0.74129
2615	YDL042C	0.74129
2616	YGR103W	0.74127
2617	YDR400W	0.74119
2618	YLR448W	0.7411
2619	YPR032W	0.74108
2620	YDL154W	0.74106
2621	YER051W	0.74099
2622	YDR498C	0.74092
2623	YHR204W	0.74084
2624	YMR149W	0.74084
2625	YLR333C	0.74084
2626	YMR104C	0.74082
2627	YPL164C	0.74081
2628	YMR306C-A	0.74081
2629	YIL113W	0.74081
2630	YOR010C	0.7408
2631	YBR125C	0.74078
2632	YHR051W	0.74074
2633	YJR055W	0.74071
2634	YDL227C	0.74071
2635	YDL063C	0.7407
2636	YER187W	0.74069
2637	YKL165C	0.74064
2638	YDR491C	0.74062
2639	YHL039W	0.74062
2640	YDR355C	0.74062
2641	YDR286C	0.7406
2642	YJL085W	0.74054
2643	YLR361C	0.74053
2644	YDR362C	0.74051
2645	YEL049W	0.74051
2646	YIL046W	0.74048
2647	YFL021C-A	0.74048
2648	YGR080W	0.74045
2649	YIR036W-A	0.74043
2650	YPL103C	0.74042
2651	YGR268C	0.74041
2652	YLR386W	0.74038
2653	YCL001W-B	0.74036
2654	YPR159C-A	0.74035
2655	YCL026C-B	0.74032
2656	YER066W	0.7403
2657	YMR302C	0.74026
2658	YGL259W	0.74023
2659	YGL185C	0.74023
2660	YGL004C	0.74022
2661	YGR241C	0.7402
2662	YHR171W	0.7402
2663	YNL247W	0.74016
2664	YHR114W	0.74003
2665	YDL060W	0.73981
2666	YOR268C	0.73977
2667	YDR248C	0.73977
2668	YBR072W	0.73973
2669	YPR114W	0.73968
2670	YIL058W	0.73967
2671	YKR025W	0.73967
2672	YHR134W	0.73964
2673	YBL058W	0.73962
2674	YLR144C	0.73961
2675	YGL155W	0.7396
2676	YAL048C	0.73958
2677	YOL099C	0.73958
2678	YLR331C	0.73957
2679	YMR127C	0.73956
2680	YOL115W	0.73954
2681	YBR274W	0.73949
2682	YKR048C	0.73945
2683	YAL058W	0.73943
2684	YNL106C	0.73938
2685	YIR039C	0.73938
2686	YGR111W	0.73931
2687	YDR510C-A	0.73918
2688	YCL041C	0.73916
2689	YCR006C	0.7391
2690	YNL219C	0.73908
2691	YGR177C	0.73905
2692	YLR255C	0.73905
2693	YBR061C	0.73904
2694	YGL053W	0.73901
2695	YOR100C	0.73889
2696	YJR046W	0.73888
2697	YHR072W	0.73884
2698	YPR059C	0.7388
2699	YKL037W	0.73871
2700	YPR170C	0.7387
2701	YPR196W	0.73869
2702	YPR124W	0.73861
2703	YML025C	0.73855
2704	YNL279W	0.73847
2705	YPL082C	0.73846
2706	YJL137C	0.7384
2707	YJL036W	0.73836
2708	YNL147W	0.7383
2709	YDL017W	0.73829
2710	YLR009W	0.7382
2711	YDR060W	0.73816
2712	YDR330W	0.73815
2713	YLR064W	0.73815
2714	YGL173C	0.73813
2715	YLR192C	0.73804
2716	YNL163C	0.73802
2717	YDR204W	0.738
2718	YLR085C	0.73799
2719	YKL087C	0.73797
2720	YNL130C-A	0.73797
2721	YNL110C	0.73794
2722	YDR461W	0.73793
2723	YBR107C	0.73793
2724	YPL147W	0.73791
2725	YKL097C	0.73787
2726	YGR058W	0.73776
2727	YCR050C	0.73774
2728	YGL034C	0.73773
2729	YDL104C	0.73764
2730	YGR283C	0.73763
2731	YKL147C	0.73763
2732	YER152W-A	0.7376
2733	YER011W	0.73758
2734	YDR325W	0.73751
2735	YKL103C	0.73742
2736	YEL002C	0.7374
2737	YOR277C	0.73737
2738	YIL059C	0.73733
2739	YMR131C	0.73729
2740	YER049W	0.73716
2741	YDL034W	0.73716
2742	YNL282W	0.73706
2743	YJR008W	0.73706
2744	YHR016C	0.73706
2745	YOR307C	0.73706
2746	YDL143W	0.73705
2747	YIL125W	0.73693
2748	YDR142C	0.73685
2749	YBR207W	0.7368
2750	YDL109C	0.73675
2751	YMR201C	0.73674
2752	YLR308W	0.73671
2753	YPR137W	0.73667
2754	YBL038W	0.73666
2755	YBR141C	0.73653
2756	YLR246W	0.73653
2757	YLR020C	0.73649
2758	YJR137C	0.73648
2759	YPL140C	0.73644
2760	YGR088W	0.73642
2761	YMR096W	0.7364
2762	YDR109C	0.73637
2763	YDR387C	0.73623
2764	YJL186W	0.73621
2765	YPL194W	0.7362
2766	YPL003W	0.73602
2767	YMR078C	0.73601
2768	YOR161W-A	0.73596
2769	YML019W	0.73596
2770	YKL073W	0.73587
2771	YLR349W	0.73572
2772	YNL180C	0.73572
2773	YDL118W	0.73572
2774	YIL028W	0.73566
2775	YHR207C	0.73563
2776	YDR537C	0.73556
2777	YKL192C	0.73548
2778	YOL042W	0.73545
2779	YBR090C	0.73544
2780	YAR066W	0.73544
2781	YHR214W	0.73544
2782	YIL175W	0.73544
2783	YJL222W-B	0.73544
2784	YGL084C	0.7354
2785	YBR199W	0.73533
2786	YJL052C-A	0.73532
2787	YBL006W-A	0.73527
2788	YMR155W	0.73525
2789	YML120C	0.7352
2790	YML082W	0.73519
2791	YLL012W	0.73519
2792	YPR047W	0.73518
2793	YCR092C	0.73516
2794	YDR523C	0.73514
2795	YFR020W	0.73511
2796	YOR251C	0.73508
2797	YDR417C	0.73503
2798	YDR435C	0.73501
2799	YDR061W	0.73495
2800	YLR357W	0.73495
2801	YKL098W	0.73494
2802	YOR167C	0.73493
2803	YKL170W	0.73491
2804	YBR293W	0.73487
2805	YCL048W-A	0.73486
2806	YGL235W	0.73479
2807	YBR055C	0.73479
2808	YHR032C-A	0.73474
2809	YML100W-A	0.73474
2810	YJL168C	0.73468
2811	YER180C-A	0.73466
2812	YBR109W-A	0.73462
2813	YHR113W	0.73461
2814	YJR118C	0.73454
2815	YIL157C	0.7345
2816	YAL015C	0.7345
2817	YIL021C-A	0.73445
2818	YGR255C	0.7344
2819	YJL119C	0.73432
2820	YDL045W-A	0.73416
2821	YIL011W	0.7341
2822	YFR034W-A	0.73408
2823	YCL008C	0.73406
2824	YIL041W	0.73396
2825	YIL073C	0.73392
2826	YOR200W	0.73391
2827	YER147C-A	0.7339
2828	YER042W	0.73389
2829	YDR334W	0.73388
2830	YHR137W	0.73383
2831	YMR321C	0.7338
2832	YNL149C	0.7338
2833	YCR090C	0.73378
2834	YIL082W	0.73371
2835	YDL086C-A	0.73371
2836	YNL263C	0.7337
2837	YIL076W	0.73369
2838	YEL035C	0.73368
2839	YOR009W	0.73366
2840	YLR318W	0.73355
2841	YLL022C	0.73352
2842	YNL067W-B	0.7335
2843	YJL043W	0.73348
2844	YGL024W	0.73345
2845	YMR049C	0.73345
2846	YPR093C	0.73338
2847	YPL117C	0.73333
2848	YOR201C	0.73331
2849	YJL200C	0.73331
2850	YJL154C	0.73331
2851	YLL010C	0.7333
2852	YLR264W	0.73329
2853	YML066C	0.73329
2854	YEL073C	0.73326
2855	YBR094W	0.73325
2856	YDL207W	0.73324
2857	YOR275C	0.73321
2858	YOR125C	0.7332
2859	YML073C	0.73315
2860	YGR169C	0.73315
2861	YHR131W-A	0.73314
2862	YHR028W-A	0.73309
2863	YHR091C	0.73304
2864	YNR030W	0.73299
2865	YCR081C-A	0.73295
2866	YDR517W	0.73295
2867	YNL025C	0.73295
2868	YGL260W	0.73294
2869	YLR062C	0.73288
2870	YFR027W	0.73287
2871	YCR087W	0.73287
2872	YHR213W-B	0.73283
2873	YMR182W-A	0.73281
2874	YIL091C	0.73279
2875	YHL001W	0.73278
2876	YPR129W	0.73275
2877	YIL102C	0.73273
2878	YGR109W-A	0.73272
2879	YLR002C	0.73271
2880	YOL019W-A	0.73266
2881	YCR030C	0.73266
2882	YML060W	0.73265
2883	YLR325C	0.73265
2884	YHR076W	0.73254
2885	YMR265C	0.73249
2886	YIL156W-B	0.73226
2887	YMR042W	0.73222
2888	YGR232W	0.73222
2889	YOR290C	0.73215
2890	YOR383C	0.73215
2891	YNL317W	0.73213
2892	YPL138C	0.73211
2893	YKL222C	0.73209
2894	YJR144W	0.73207
2895	YHL019C	0.73205
2896	YDL165W	0.73204
2897	YOL145C	0.73203
2898	YOR345C	0.73203
2899	YLR274W	0.73202
2900	YHR139C	0.73201
2901	YDR053W	0.732
2902	YPL250W-A	0.73193
2903	YDL019C	0.73191
2904	YPL224C	0.7319
2905	YGR107W	0.73189
2906	YGL218W	0.73183
2907	YDR374W-A	0.73181
2908	YNL036W	0.73181
2909	YER059W	0.73172
2910	YDR322C-A	0.73172
2911	YPL172C	0.7317
2912	YEL008W	0.73167
2913	YLR236C	0.73167
2914	YNL276C	0.73166
2915	YBR141W-A	0.73158
2916	YMR041C	0.73157
2917	YJR099W	0.73155
2918	YPR162C	0.73152
2919	YBR084W	0.73143
2920	YHR071C-A	0.73142
2921	YJR034W	0.73134
2922	YDR173C	0.73127
2923	YPL098C	0.73118
2924	YNL318C	0.73114
2925	YOL013C	0.73111
2926	YMR272W-A	0.73107
2927	YEL045C	0.73103
2928	YGR118W	0.73098
2929	YPR132W	0.73098
2930	YMR188C	0.73098
2931	YHR070C-A	0.73091
2932	YOR294W	0.7309
2933	YLR250W	0.73088
2934	YKL119C	0.73087
2935	YNL083W	0.73087
2936	YNL293W	0.73084
2937	YHL045W	0.7308
2938	YLR270W	0.73078
2939	YOL056W	0.73076
2940	YIL052C	0.73065
2941	YGL184C	0.73063
2942	YKL006W	0.73054
2943	YOR022C	0.73052
2944	YAR064W	0.73044
2945	YIL015W	0.73043
2946	YLR154C-H	0.73043
2947	YLR157C-C	0.73043
2948	YLR159C-A	0.73043
2949	YLR156C-A	0.73043
2950	YJL127W-A	0.73041
2951	YMR245W	0.73037
2952	YER157W	0.73035
2953	YDR390C	0.73029
2954	YPR119W	0.73027
2955	YDL075W	0.73025
2956	YHR192W	0.73023
2957	YEL050C	0.73021
2958	YHR164C	0.73021
2959	YNL169C	0.73019
2960	YLR149C-A	0.73014
2961	YMR150C	0.73005
2962	YDR064W	0.72995
2963	YJL192C	0.72992
2964	YDL068W	0.7299
2965	YLR452C	0.72981
2966	YPR076W	0.72979
2967	YNL212W	0.72977
2968	YPL133C	0.72976
2969	YER056C-A	0.72975
2970	YBR229C	0.72973
2971	YGR145W	0.72972
2972	YOL060C	0.7297
2973	YDR268W	0.72964
2974	YGL019W	0.7296
2975	YIL128W	0.72958
2976	YER119C-A	0.72957
2977	YBL019W	0.72955
2978	YDR372C	0.72953
2979	YNL206C	0.72953
2980	YOL126C	0.7294
2981	YER123W	0.72937
2982	YDL161W	0.72934
2983	YIL134W	0.7293
2984	YIL168W	0.72927
2985	YAL045C	0.72917
2986	YER140W	0.72914
2987	YGL231C	0.72909
2988	YNL239W	0.72903
2989	YHL032C	0.72902
2990	YGR136W	0.729
2991	YKL156C-A	0.72899
2992	YAR028W	0.72898
2993	YDL163W	0.72898
2994	YLR347W-A	0.72896
2995	YPL079W	0.72895
2996	YDR189W	0.72885
2997	YEL055C	0.72884
2998	YDR428C	0.72881
2999	YDL010W	0.72877
3000	YMR105W-A	0.72876
3001	YFL015W-A	0.72875
3002	YLR443W	0.72871
3003	YPR160W-A	0.7287
3004	YLR143W	0.72869
3005	YJR113C	0.72867
3006	YPL136W	0.72865
3007	YBR121C-A	0.72865
3008	YNL020C	0.72864
3009	YGR257C	0.72858
3010	YHL010C	0.72855
3011	YOR057W	0.72854
3012	YOR034C-A	0.72853
3013	YLL006W	0.72853
3014	YCL023C	0.72852
3015	YDR346C	0.72848
3016	YBR213W	0.72846
3017	YJR130C	0.72841
3018	YNL092W	0.72831
3019	YGL164C	0.72824
3020	YNL160W	0.72818
3021	YKL150W	0.72808
3022	YDR194C	0.72806
3023	YOR258W	0.72805
3024	YLR286W-A	0.72804
3025	YGR050C	0.72799
3026	YCR079W	0.72797
3027	YBR251W	0.72796
3028	YNL184C	0.72796
3029	YDR237W	0.72789
3030	YML030W	0.72789
3031	YMR228W	0.72784
3032	YKL006C-A	0.72778
3033	YPL273W	0.72777
3034	YHR085W	0.72771
3035	YGR005C	0.72766
3036	YLR279W	0.72764
3037	YGL102C	0.72763
3038	YOR001W	0.72763
3039	YKR074W	0.7276
3040	YDR320W-B	0.72759
3041	YLR406C	0.72757
3042	YDL105W	0.72756
3043	YOR272W	0.72756
3044	YNL162W-A	0.72752
3045	YMR290W-A	0.72745
3046	YPR023C	0.72744
3047	YHR213W-A	0.72739
3048	YLR090W	0.72733
3049	YMR254C	0.72729
3050	YCR045W-A	0.72728
3051	YDR391C	0.72728
3052	YGL080W	0.72727
3053	YOR130C	0.72725
3054	YLR105C	0.72724
3055	YOR059C	0.72714
3056	YDL233W	0.72713
3057	YGR183C	0.72707
3058	YLR021W	0.72705
3059	YBR191W	0.72704
3060	YHR120W	0.72703
3061	YJL005W	0.72702
3062	YGR295C	0.727
3063	YPL030W	0.72699
3064	YKL174C	0.72698
3065	YJR161C	0.72697
3066	YDR274C	0.72695
3067	YJL142C	0.72694
3068	YNL299W	0.72694
3069	YOL150C	0.72693
3070	YDL248W	0.72688
3071	YDR165W	0.72688
3072	YMR229C	0.72686
3073	YHR052W	0.72686
3074	YLR122C	0.72681
3075	YOR052C	0.72679
3076	YLR374C	0.72672
3077	YJR075W	0.72672
3078	YNL043C	0.72668
3079	YGL112C	0.72661
3080	YLR025W	0.72658
3081	YOL135C	0.72653
3082	YKL056C	0.72653
3083	YBR067C	0.72652
3084	YHR115C	0.7265
3085	YBR226C	0.72647
3086	YCR041W	0.72642
3087	YER080W	0.7264
3088	YDL026W	0.72635
3089	YDL022C-A	0.72634
3090	YIR040C	0.72632
3091	YJR088C	0.72629
3092	YHL004W	0.72627
3093	YCR007C	0.72621
3094	YDL015C	0.7262
3095	YJL075C	0.72616
3096	YNL327W	0.72615
3097	YBR116C	0.72607
3098	YCL048W	0.72607
3099	YGL003C	0.72605
3100	YMR128W	0.72599
3101	YGR066C	0.72597
3102	YKL167C	0.72589
3103	YOR244W	0.72582
3104	YBR200W	0.72581
3105	YCL049C	0.72581
3106	YEL012W	0.72574
3107	YBR042C	0.72571
3108	YJR035W	0.72558
3109	YOR160W	0.7255
3110	YHR180C-B	0.7254
3111	YNR056C	0.72537
3112	YBR273C	0.72536
3113	YGL144C	0.72529
3114	YLR284C	0.72526
3115	YGL051W	0.72523
3116	YAR033W	0.72523
3117	YHL034W-A	0.72522
3118	YGR271C-A	0.72521
3119	YEL059W	0.72519
3120	YCR049C	0.72515
3121	YNL256W	0.72513
3122	YMR309C	0.72509
3123	YML118W	0.72507
3124	YDR332W	0.72507
3125	YIL138C	0.72504
3126	YDR349C	0.72503
3127	YPL249C	0.72493
3128	YPL190C	0.72492
3129	YPL209C	0.72491
3130	YPR017C	0.72484
3131	YOR082C	0.72483
3132	YKL096W	0.72482
3133	YNR038W	0.7248
3134	YGL251C	0.72478
3135	YCL002C	0.72477
3136	YGL027C	0.72471
3137	YCR096C	0.72466
3138	YFR007W	0.72456
3139	YML122C	0.72455
3140	YML081C-A	0.72448
3141	YHR199C	0.72448
3142	YPL062W	0.72447
3143	YPR060C	0.72445
3144	YNL062C	0.72441
3145	YHR166C	0.72438
3146	YIL147C	0.72434
3147	YGR054W	0.72431
3148	YNL131W	0.72428
3149	YDR337W	0.72428
3150	YLR261C	0.72419
3151	YBR200W-A	0.72413
3152	YIL023C	0.7241
3153	YDR178W	0.72401
3154	YOR154W	0.72397
3155	YOL023W	0.7239
3156	YDL213W-A	0.72383
3157	YGR269W	0.72375
3158	YML089C	0.72372
3159	YLL027W	0.7237
3160	YGR270C-A	0.72369
3161	YOR379C	0.72367
3162	YDR433W	0.72362
3163	YOR050C	0.7236
3164	YLR140W	0.72355
3165	YJR128W	0.72334
3166	YLR239C	0.72332
3167	YLR379W-A	0.7233
3168	YDR114C	0.72327
3169	YNL238W	0.72318
3170	YKL102C	0.72316
3171	YHL002C-A	0.72316
3172	YPR184W	0.72311
3173	YMR086C-A	0.72307
3174	YGL161C	0.72306
3175	YPR014C	0.72306
3176	YKL076C	0.72303
3177	YDR044W	0.72302
3178	YLR235C	0.723
3179	YGR190C	0.72299
3180	YDR187C	0.72297
3181	YDR531W	0.72295
3182	YBR288C	0.7229
3183	YOL047C	0.7229
3184	YER048C	0.72279
3185	YPR053C	0.72278
3186	YBR105C	0.72277
3187	YJL031C	0.72276
3188	YIL110W	0.72273
3189	YLR088W	0.72267
3190	YBR176W	0.72265
3191	YLR393W	0.72262
3192	YGL246C	0.72261
3193	YLR362W	0.7226
3194	YFL051C	0.72259
3195	YOR296W	0.72256
3196	YGR176W	0.72255
3197	YKR103W	0.72246
3198	YEL048C	0.72244
3199	YJR154W	0.72244
3200	YER182W	0.72242
3201	YFL065C	0.72235
3202	YBR185C	0.72234
3203	YPL196W	0.72233
3204	YDR154C	0.72232
3205	YOL014W	0.72218
3206	YDR018C	0.72216
3207	YPL096W	0.72214
3208	YBR119W	0.72213
3209	YDR302W	0.72203
3210	YOR215C	0.72199
3211	YGL194C	0.72193
3212	YHR069C	0.7218
3213	YNL048W	0.72178
3214	YPL181W	0.72171
3215	YDR308C	0.7217
3216	YLL057C	0.72169
3217	YGL243W	0.72167
3218	YGR062C	0.72161
3219	YML105C	0.72159
3220	YFL010C	0.72159
3221	YDR169C-A	0.72156
3222	YGL216W	0.72154
3223	YJR135W-A	0.72144
3224	YPL198W	0.72143
3225	YDR250C	0.72143
3226	YER141W	0.72142
3227	YNL291C	0.72139
3228	YPL277C	0.72134
3229	YDR538W	0.72134
3230	YPL125W	0.72134
3231	YAL042C-A	0.72128
3232	YDL187C	0.72128
3233	YDR054C	0.72126
3234	YGR009C	0.7212
3235	YEL033W	0.72115
3236	YHL048C-A	0.7211
3237	YKR060W	0.7211
3238	YBR099C	0.72107
3239	YBR147W	0.72105
3240	YNL116W	0.72104
3241	YHR090C	0.72104
3242	YFL010W-A	0.72103
3243	YJL003W	0.72099
3244	YJR150C	0.72099
3245	YJL183W	0.72096
3246	YDR354C-A	0.72089
3247	YOR389W	0.72088
3248	YGL111W	0.72084
3249	YML097C	0.72082
3250	YPR125W	0.72081
3251	YFL040W	0.7208
3252	YCL064C	0.72078
3253	YHR086W	0.72074
3254	YOL111C	0.7207
3255	YKL007W	0.72067
3256	YML084W	0.72066
3257	YGR101W	0.72053
3258	YPL110C	0.72049
3259	YHR038W	0.72049
3260	YER150W	0.72047
3261	YHR180W	0.72045
3262	YJL028W	0.72042
3263	YHL019W-A	0.7204
3264	YPR203W	0.72037
3265	YER088C-A	0.72024
3266	YGR236C	0.72023
3267	YDR442W	0.72019
3268	YDR306C	0.72017
3269	YLR162W	0.72016
3270	YDR132C	0.72012
3271	YIL047C-A	0.72011
3272	YPR108W-A	0.72009
3273	YHL008C	0.72008
3274	YHR206W	0.72007
3275	YKL096W-A	0.72001
3276	YFR056C	0.71998
3277	YGL076C	0.71997
3278	YLR080W	0.71994
3279	YPR154W	0.71992
3280	YPL101W	0.71987
3281	YNR058W	0.71984
3282	YJL152W	0.71982
3283	YER014C-A	0.7198
3284	YOL146W	0.71976
3285	YFR052C-A	0.71969
3286	YDR512C	0.71967
3287	YGL064C	0.71962
3288	YDR427W	0.71962
3289	YNR075W	0.71962
3290	YBR113W	0.71961
3291	YGL250W	0.71959
3292	YGR194C	0.71958
3293	YML031W	0.71958
3294	YLR154C-G	0.71957
3295	YMR272W-B	0.71947
3296	YGL118C	0.71946
3297	YMR269W	0.71945
3298	YDL172C	0.71945
3299	YPL025C	0.71936
3300	YJL126W	0.71933
3301	YKR087C	0.71932
3302	YOL152W	0.71931
3303	YPL251W	0.71928
3304	YER005W	0.71928
3305	YHL014C	0.71924
3306	YML063W	0.71922
3307	YMR122C	0.71921
3308	YLR104W	0.7191
3309	YOL037C	0.71909
3310	YOL077W-A	0.71885
3311	YDR482C	0.71885
3312	YOL043C	0.71884
3313	YIL100W	0.71883
3314	YDL085C-A	0.7188
3315	YPL132W	0.71859
3316	YGL179C	0.71859
3317	YHR022C-A	0.71853
3318	YNL063W	0.71846
3319	YOL010W	0.71845
3320	YGL141W	0.71838
3321	YOR031W	0.71838
3322	YLL037W	0.71836
3323	YCR086W	0.71835
3324	YDL032W	0.71824
3325	YGR143W	0.71821
3326	YJR005W	0.71818
3327	YBL037W	0.71815
3328	YDR293C	0.71815
3329	YJL197W	0.71814
3330	YNL004W	0.71813
3331	YBR232C	0.71813
3332	YBR032W	0.7181
3333	YPR077C	0.71807
3334	YMR166C	0.71807
3335	YHR095W	0.71803
3336	YKR032W	0.718
3337	YDR134C	0.71798
3338	YIR032C	0.71794
3339	YPL045W	0.71788
3340	YNL286W	0.71785
3341	YLR124W	0.71782
3342	YDL215C	0.71776
3343	YOR002W	0.71775
3344	YBL044W	0.71773
3345	YLR450W	0.71768
3346	YPL176C	0.71768
3347	YLR114C	0.71766
3348	YHR188C	0.71766
3349	YDR524C-B	0.71762
3350	YJR052W	0.71755
3351	YDR344C	0.71753
3352	YKL132C	0.7175
3353	YLR316C	0.71737
3354	YCL032W	0.71734
3355	YBR196C-B	0.71732
3356	YGL083W	0.71732
3357	YDL156W	0.71731
3358	YDR171W	0.71729
3359	YBR205W	0.71727
3360	YLR441C	0.71726
3361	YJL042W	0.71723
3362	YLR455W	0.71722
3363	YJL096W	0.71721
3364	YGR186W	0.71717
3365	YOL085C	0.71716
3366	YMR112C	0.71713
3367	YOR029W	0.71711
3368	YOR005C	0.71703
3369	YGL123C-A	0.71701
3370	YJR112W	0.71698
3371	YOR035C	0.71697
3372	YBL070C	0.71694
3373	YDL198C	0.71691
3374	YLR047C	0.71687
3375	YMR261C	0.71683
3376	YML051W	0.71668
3377	YOR203W	0.71664
3378	YNL089C	0.71661
3379	YDR434W	0.71657
3380	YNL069C	0.71655
3381	YMR234W	0.71653
3382	YOL052C-A	0.71649
3383	YDR118W-A	0.71646
3384	YDL033C	0.71644
3385	YKL018W	0.71635
3386	YLR430W	0.71634
3387	YBR302C	0.71634
3388	YML132W	0.71634
3389	YGR217W	0.71631
3390	YIL069C	0.71629
3391	YER074W	0.71629
3392	YFL047W	0.71627
3393	YOR278W	0.71624
3394	YOL049W	0.71624
3395	YGL248W	0.7162
3396	YAR031W	0.71617
3397	YLR266C	0.7161
3398	YKL223W	0.71609
3399	YPL119C-A	0.71608
3400	YKR075W-A	0.71606
3401	YLR317W	0.71605
3402	YER061C	0.71599
3403	YPL215W	0.71599
3404	YML042W	0.71597
3405	YNL336W	0.71596
3406	YAR029W	0.71596
3407	YNR021W	0.71595
3408	YDR503C	0.71594
3409	YOR068C	0.71586
3410	YDR282C	0.7158
3411	YNR054C	0.71576
3412	YJL053W	0.71566
3413	YOR073W-A	0.71566
3414	YPL080C	0.71563
3415	YOR146W	0.71559
3416	YML115C	0.71559
3417	YNL250W	0.71558
3418	YNL251C	0.71555
3419	YPL104W	0.71549
3420	YNL017C	0.71548
3421	YPL114W	0.71547
3422	YIR023W	0.71545
3423	YIL140W	0.71544
3424	YMR317W	0.71531
3425	YDR379C-A	0.71529
3426	YGL199C	0.7152
3427	YNL296W	0.71517
3428	YNL178W	0.71501
3429	YIL002C	0.71492
3430	YDL232W	0.71491
3431	YNL146C-A	0.71477
3432	YCR064C	0.71474
3433	YGR003W	0.71467
3434	YNL218W	0.71464
3435	YJL009W	0.71462
3436	YCL046W	0.71459
3437	YDL167C	0.71455
3438	YGL152C	0.71455
3439	YKL179C	0.71454
3440	YCL037C	0.71452
3441	YGL109W	0.71447
3442	YER087C-B	0.71447
3443	YGL016W	0.71446
3444	YOR231W	0.71442
3445	YNL284C	0.71438
3446	YLR296W	0.71437
3447	YNL306W	0.71437
3448	YDR419W	0.71432
3449	YKL131W	0.71432
3450	YJL091C	0.71429
3451	YIL167W	0.71428
3452	YGL045W	0.71426
3453	YNL168C	0.71424
3454	YNL283C	0.71418
3455	YIL008W	0.71416
3456	YOR018W	0.71415
3457	YPL063W	0.71414
3458	YMR097C	0.7141
3459	YGR193C	0.71402
3460	YKL172W	0.71402
3461	YLR319C	0.71398
3462	YOR008C	0.71397
3463	YHR075C	0.71397
3464	YDR058C	0.71397
3465	YOR335W-A	0.71389
3466	YMR076C	0.71381
3467	YML127W	0.7138
3468	YLR301W	0.71378
3469	YPL116W	0.71375
3470	YPL081W	0.71367
3471	YPL225W	0.71365
3472	YLR133W	0.71364
3473	YBL039C-A	0.71361
3474	YCR085W	0.71354
3475	YMR002W	0.71353
3476	YOL141W	0.71352
3477	YDR496C	0.7135
3478	YHL048W	0.71348
3479	YAL033W	0.71347
3480	YBL061C	0.71346
3481	YEL018C-A	0.71346
3482	YBL095W	0.71345
3483	YMR055C	0.71341
3484	YOR132W	0.71339
3485	YNL124W	0.71336
3486	YEL067C	0.71327
3487	YOR135C	0.71326
3488	YHR126C	0.71325
3489	YMR286W	0.71323
3490	YJR006W	0.71321
3491	YDR479C	0.71318
3492	YHL022C	0.71317
3493	YJL194W	0.71316
3494	YIL107C	0.71309
3495	YLR419W	0.71306
3496	YOR309C	0.71304
3497	YFR002W	0.71302
3498	YPL022W	0.71298
3499	YDL071C	0.71296
3500	YCR073C	0.71295
3501	YDR467C	0.71291
3502	YDL159W	0.71289
3503	YPL109C	0.71287
3504	YMR251W-A	0.71286
3505	YJL133W	0.71286
3506	YFR022W	0.71283
3507	YPL135C-A	0.71282
3508	YLL059C	0.71278
3509	YFL031W	0.7127
3510	YER107W-A	0.71263
3511	YOR212W	0.71258
3512	YKL206C	0.7124
3513	YLR093C	0.71225
3514	YAL034W-A	0.71224
3515	YOR054C	0.71213
3516	YGR157W	0.7121
3517	YOR072W-A	0.7121
3518	YBR134W	0.71206
3519	YKL055C	0.71195
3520	YLR116W	0.71193
3521	YML129C	0.71188
3522	YLL019W-A	0.71187
3523	YBL069W	0.71183
3524	YNL097C-B	0.7118
3525	YIR020C	0.71174
3526	YCL016C	0.71174
3527	YOR364W	0.71169
3528	YMR312W	0.71168
3529	YKL066W	0.71167
3530	YOL048C	0.71167
3531	YER098W	0.71164
3532	YDR370C	0.71149
3533	YBR233W	0.71147
3534	YIR017W-A	0.71145
3535	YDR430C	0.71137
3536	YPR016W-A	0.71133
3537	YDR233C	0.71132
3538	YDL054C	0.71131
3539	YDR319C	0.71127
3540	YOR312C	0.71126
3541	YMR242C	0.71126
3542	YBR060C	0.71125
3543	YIL151C	0.71125
3544	YDR036C	0.71124
3545	YOR141C	0.71123
3546	YDR289C	0.71119
3547	YPL210C	0.71117
3548	YDR152W	0.71112
3549	YKL178C	0.71111
3550	YDL195W	0.71108
3551	YNL094W	0.71102
3552	YOR330C	0.711
3553	YOR314W-A	0.711
3554	YOR299W	0.71097
3555	YMR158W	0.71095
3556	YJR019C	0.71093
3557	YIL134C-A	0.71087
3558	YML031C-A	0.71085
3559	YEL030C-A	0.71083
3560	YMR043W	0.71082
3561	YPL162C	0.71081
3562	YMR158W-B	0.7108
3563	YMR233W	0.71077
3564	YKR063C	0.71076
3565	YOR198C	0.71072
3566	YLR427W	0.71071
3567	YIR007W	0.71069
3568	YGL187C	0.71061
3569	YKL036C	0.7106
3570	YGR261C	0.71041
3571	YOR363C	0.7104
3572	YLR128W	0.71038
3573	YMR213W	0.71037
3574	YFL029C	0.71033
3575	YNR040W	0.71032
3576	YJR076C	0.71031
3577	YNL193W	0.71027
3578	YIR043C	0.71026
3579	YOR219C	0.71023
3580	YLR280C	0.7102
3581	YIR020C-B	0.7102
3582	YNL298W	0.71019
3583	YJL139C	0.71015
3584	YCR083W	0.71015
3585	YEL076C	0.71014
3586	YEL076C-A	0.71014
3587	YLR464W	0.71014
3588	YLR207W	0.71012
3589	YJR018W	0.71011
3590	YNL261W	0.71008
3591	YAL059C-A	0.71004
3592	YPL100W	0.71004
3593	YPL112C	0.70999
3594	YGL258W-A	0.70995
3595	YFL062W	0.70995
3596	YBR103C-A	0.70991
3597	YLR269C	0.70991
3598	YMR247W-A	0.70987
3599	YEL015W	0.70984
3600	YDL066W	0.70973
3601	YJL129C	0.70971
3602	YNL258C	0.70969
3603	YDL111C	0.7096
3604	YJL047C	0.70949
3605	YKL115C	0.70949
3606	YMR119W-A	0.70947
3607	YOR072W	0.70941
3608	YGR051C	0.70935
3609	YOR067C	0.70928
3610	YOL116W	0.70918
3611	YDL030W	0.70918
3612	YER037W	0.70918
3613	YJL169W	0.70916
3614	YHL006W-A	0.70911
3615	YDR288W	0.70907
3616	YGR031C-A	0.70901
3617	YBR005W	0.709
3618	YLR112W	0.709
3619	YAR035C-A	0.70898
3620	YCR097W-A	0.70896
3621	YBR089W	0.70894
3622	YKL100C	0.70891
3623	YCR024C-B	0.7088
3624	YKL071W	0.70879
3625	YKL198C	0.70867
3626	YDR444W	0.70865
3627	YKL214C	0.70858
3628	YIL006W	0.70858
3629	YHL007C	0.70857
3630	YDL171C	0.70855
3631	YGL244W	0.70848
3632	YJR050W	0.70847
3633	YJR044C	0.70847
3634	YNL310C	0.70847
3635	YMR177W	0.70833
3636	YER148W-A	0.70832
3637	YLR344W	0.7083
3638	YLR156W	0.70829
3639	YLR161W	0.70829
3640	YLR159W	0.70829
3641	YPL084W	0.70827
3642	YFR010W-A	0.70825
3643	YMR013C-A	0.70825
3644	YNL137C	0.7082
3645	YIL154C	0.70812
3646	YOR025W	0.7081
3647	YIL133C	0.70804
3648	YMR102C	0.708
3649	YBR231C	0.70796
3650	YPR189W	0.70796
3651	YMR227C	0.70792
3652	YGR216C	0.70792
3653	YPR195C	0.70791
3654	YMR047C	0.70789
3655	YOR051C	0.70783
3656	YGL063C-A	0.70782
3657	YDL157C	0.70777
3658	YDR311W	0.70768
3659	YKL053W	0.70755
3660	YBL033C	0.70755
3661	YJR079W	0.70747
3662	YLR157W-E	0.70746
3663	YKL077W	0.70738
3664	YPR057W	0.70734
3665	YPL053C	0.70732
3666	YKL139W	0.7073
3667	YOL148C	0.7073
3668	YOR014W	0.7073
3669	YMR035W	0.70725
3670	YOR267C	0.70722
3671	YDR230W	0.70722
3672	YER154W	0.70721
3673	YER053C-A	0.70717
3674	YNL173C	0.70715
3675	YLR264C-A	0.70714
3676	YOL155W-A	0.70711
3677	YMR008C-A	0.70704
3678	YKR069W	0.70702
3679	YBR271W	0.707
3680	YDR162C	0.70697
3681	YCR071C	0.70692
3682	YGR154C	0.70691
3683	YDL221W	0.70691
3684	YGR290W	0.70689
3685	YAL067W-A	0.70689
3686	YMR189W	0.70687
3687	YKR049C	0.70686
3688	YJL156W-A	0.70686
3689	YKR035C	0.70678
3690	YIL161W	0.70675
3691	YAL001C	0.70668
3692	YDL021W	0.70662
3693	YBL049W	0.70662
3694	YNL228W	0.7066
3695	YPL145C	0.70659
3696	YDL150W	0.70658
3697	YBR189W	0.70655
3698	YHR077C	0.70652
3699	YCR088W	0.70645
3700	YPL064C	0.70644
3701	YPR018W	0.70643
3702	YIL131C	0.70635
3703	YGL072C	0.70634
3704	YGL125W	0.70631
3705	Q0060	0.70629
3706	YOR353C	0.70628
3707	YHR067W	0.70622
3708	YPL023C	0.70621
3709	YPR091C	0.70619
3710	YAR053W	0.70617
3711	YNL216W	0.70614
3712	YHR180W-A	0.70614
3713	YDL231C	0.70606
3714	YOL013W-A	0.70606
3715	YJL015C	0.70605
3716	YER048W-A	0.70597
3717	YPR133W-A	0.70596
3718	YPL263C	0.70594
3719	YCR014C	0.70593
3720	YOR340C	0.70592
3721	YOL127W	0.70592
3722	YML011C	0.70589
3723	YHL015W-A	0.70575
3724	YBL047C	0.70573
3725	YER030W	0.70571
3726	YER144C	0.70571
3727	YPL195W	0.70568
3728	YDR004W	0.70564
3729	YML061C	0.70563
3730	YGR119C	0.70563
3731	YHR198C	0.70561
3732	YBR126W-B	0.70557
3733	YGR212W	0.70556
3734	YPL044C	0.70555
3735	YKL183C-A	0.70553
3736	YBR036C	0.70548
3737	YLR123C	0.70538
3738	YLR045C	0.70533
3739	YDL240W	0.70531
3740	YNL042W-B	0.7053
3741	YDL025W-A	0.7053
3742	YMR289W	0.70527
3743	YPR135W	0.70527
3744	YJL025W	0.70526
3745	YOR300W	0.70523
3746	YPL182C	0.70515
3747	YOR281C	0.70504
3748	YHR052W-A	0.70504
3749	YHR054W-A	0.70504
3750	YDR253C	0.705
3751	YGR117C	0.70499
3752	YHR133C	0.70497
3753	YNL273W	0.70496
3754	YIR017C	0.70492
3755	YOR216C	0.70489
3756	YOR138C	0.70477
3757	YLR390W-A	0.70474
3758	YPL019C	0.70473
3759	YOR008C-A	0.70466
3760	YDL209C	0.70463
3761	YBR056W-A	0.7046
3762	YNR075C-A	0.70457
3763	YHR060W	0.70456
3764	YLR302C	0.70451
3765	YPL173W	0.7045
3766	YPL009C	0.70448
3767	YOL102C	0.70448
3768	YMR110C	0.70446
3769	YCR038C	0.70446
3770	YOL108C	0.70441
3771	YIL115W-A	0.70435
3772	YGR034W	0.70435
3773	YEL053C	0.70434
3774	YGL110C	0.70433
3775	YDL003W	0.70431
3776	YDR034W-B	0.70429
3777	YLR115W	0.70429
3778	YDR478W	0.70427
3779	YBR086C	0.70426
3780	YMR194C-A	0.70426
3781	YMR125W	0.70425
3782	YOL057W	0.70416
3783	YPL083C	0.70415
3784	YLR077W	0.70408
3785	YGL172W	0.70405
3786	YKL040C	0.70398
3787	YDL053C	0.70396
3788	YMR230W-A	0.70394
3789	YIL156W-A	0.7039
3790	YKL125W	0.70388
3791	YPR104C	0.70387
3792	YLR163C	0.70381
3793	YHR118C	0.70376
3794	YLR444C	0.70371
3795	YOR245C	0.70367
3796	YDR215C	0.70367
3797	YLR107W	0.70363
3798	YPR105C	0.7036
3799	YLR103C	0.70354
3800	YPR036W	0.70353
3801	YBR030W	0.70346
3802	YHR139C-A	0.70338
3803	YIR021W	0.70332
3804	YPL233W	0.70327
3805	YOL128C	0.70322
3806	YIR020W-A	0.70321
3807	YPL029W	0.70313
3808	YIL068W-A	0.70312
3809	YBR076C-A	0.7031
3810	YOR108C-A	0.70308
3811	YPR006C	0.70307
3812	YOL149W	0.70306
3813	YOL083C-A	0.70306
3814	YBR111W-A	0.70305
3815	YJR038C	0.70304
3816	YOL097W-A	0.70298
3817	YMR013W-A	0.70295
3818	YJR004C	0.70287
3819	YJL067W	0.70284
3820	YLR125W	0.70283
3821	YHR073C-B	0.70283
3822	YDR122W	0.70282
3823	YIL079C	0.7028
3824	YGR226C	0.70271
3825	YLR379W	0.70268
3826	YEL020C-B	0.70266
3827	YLR164W	0.70261
3828	YCL065W	0.70261
3829	YAR070C	0.70259
3830	YIR044C	0.70258
3831	YPL056C	0.70257
3832	YNL144W-A	0.70256
3833	YBR144C	0.70254
3834	YER058W	0.70249
3835	YOL027C	0.70244
3836	YER172C-A	0.70241
3837	YDR363W-A	0.70238
3838	YGR146C-A	0.7023
3839	YNL269W	0.70229
3840	YJL184W	0.70228
3841	YOL054W	0.70227
3842	YBL101C	0.70226
3843	YDR010C	0.7022
3844	YDR393W	0.70216
3845	YOR033C	0.70215
3846	R0020C	0.70214
3847	YDR220C	0.70212
3848	YKL058W	0.70209
3849	YFR045W	0.70207
3850	YDR087C	0.70201
3851	YNL252C	0.70199
3852	YHR086W-A	0.70195
3853	YLR206W	0.70195
3854	YDL234C	0.70194
3855	YLR248W	0.7019
3856	YLL038C	0.70188
3857	YJL120W	0.70182
3858	YJL004C	0.7018
3859	YNL289W	0.7018
3860	YMR291W	0.70178
3861	YNL324W	0.70178
3862	YHR124W	0.70176
3863	YMR223W	0.70175
3864	YLR032W	0.70171
3865	YPL205C	0.70166
3866	YKR064W	0.70165
3867	YMR007W	0.70161
3868	YIR030W-A	0.70159
3869	YLR194C	0.70157
3870	YLR368W	0.70156
3871	YDR410C	0.70149
3872	YKL173W	0.70147
3873	YOR020W-A	0.70145
3874	YDR365C	0.70143
3875	YHR011W	0.70141
3876	YDR244W	0.7014
3877	YBR028C	0.70135
3878	YKL137W	0.70129
3879	YNL320W	0.70129
3880	YLR013W	0.70127
3881	YLR416C	0.70124
3882	YNL119W	0.70123
3883	YOR183W	0.70122
3884	YCL068C	0.70119
3885	YLR240W	0.70119
3886	YML095C	0.70117
3887	YNL035C	0.70116
3888	YNR001W-A	0.70115
3889	YBL020W	0.70115
3890	YJL022W	0.701
3891	YML034C-A	0.70097
3892	YNR005C	0.70092
3893	YLR154W-B	0.70092
3894	YLR322W	0.70091
3895	YLR371W	0.70086
3896	YLR110C	0.70086
3897	YJR023C	0.70083
3898	YPL197C	0.70074
3899	YPL188W	0.70068
3900	YBR268W	0.70062
3901	YDR472W	0.70058
3902	YIR018C-A	0.70057
3903	YJR120W	0.70057
3904	YGL204C	0.70053
3905	YNL303W	0.70052
3906	YHR214C-E	0.70052
3907	YDR174W	0.70046
3908	YJR098C	0.70045
3909	YDR149C	0.70045
3910	YNL103W-A	0.70044
3911	YDL196W	0.70043
3912	YIL012W	0.70036
3913	YDL119C	0.70036
3914	YIL111W	0.70035
3915	YPL065W	0.70034
3916	YGL153W	0.70029
3917	YKL219W	0.70028
3918	YMR194W	0.70026
3919	YLR120W-A	0.70025
3920	YDR266C	0.70017
3921	YML100W	0.70016
3922	YNL009W	0.70014
3923	YMR028W	0.70013
3924	YOR134W	0.70011
3925	YKL010C	0.70009
3926	YKL188C	0.70002
3927	YLR299W	0.70001
3928	YGL191W	0.70001
3929	YEL008C-A	0.70001
3930	YPR130C	0.7
3931	YGR014W	0.69997
3932	YJL203W	0.69996
3933	YMR087W	0.69992
3934	YGR102C	0.6999
3935	YGL217C	0.69987
3936	YAL051W	0.69985
3937	YOR386W	0.69984
3938	YMR004W	0.6998
3939	YDR025W	0.69979
3940	YBR048W	0.69979
3941	YPR063C	0.69976
3942	Q0055	0.69973
3943	YKL123W	0.69968
3944	YLR016C	0.69968
3945	YDR347W	0.69965
3946	YMR031W-A	0.69964
3947	YBL083C	0.69962
3948	YPR177C	0.69953
3949	YER083C	0.69952
3950	YKL215C	0.69951
3951	YGR259C	0.69951
3952	YHR055C	0.69948
3953	YHR053C	0.69948
3954	YIL174W	0.69944
3955	YJL222W-A	0.69944
3956	YDR168W	0.69944
3957	YGL088W	0.69938
3958	YOR111W	0.69934
3959	YDL136W	0.69933
3960	YDL191W	0.69933
3961	YPR126C	0.69924
3962	YOL022C	0.69924
3963	YDR360W	0.69923
3964	YCR042C	0.69921
3965	YNL150W	0.69911
3966	YOL038C-A	0.69908
3967	YKL047W	0.69904
3968	YDR102C	0.69902
3969	YIL038C	0.69893
3970	YOR199W	0.69892
3971	YJR022W	0.69888
3972	YPR048W	0.69885
3973	YDR175C	0.69879
3974	YPR141C	0.69876
3975	YAL014C	0.69874
3976	YLR387C	0.69872
3977	YJL197C-A	0.69869
3978	YMR216C	0.69866
3979	YOR233W	0.69866
3980	YER101C	0.69866
3981	YOL051W	0.69865
3982	YKL177W	0.69862
3983	YDR526C	0.69855
3984	YPR010C-A	0.69853
3985	YHL012W	0.6985
3986	YDL148C	0.69843
3987	YCR047W-A	0.69839
3988	YMR103C	0.69839
3989	YGL213C	0.69835
3990	YNL182C	0.69826
3991	YJL193W	0.69826
3992	YLL062C	0.69824
3993	YGR265W	0.6982
3994	YGR110W	0.69817
3995	YIL029W-A	0.69816
3996	YJL102W	0.6981
3997	YGR064W	0.69809
3998	YDR440W	0.69793
3999	YGL032C	0.69793
4000	YKR058W	0.69776
4001	YPL247C	0.69772
4002	YNL217W	0.6977
4003	YAR069C	0.69766
4004	YHR214C-D	0.69766
4005	YBR074W	0.69764
4006	YBR253W	0.69761
4007	YIL017C	0.69761
4008	YKL064W	0.6976
4009	YBR280C	0.69756
4010	YIL087C	0.69756
4011	YHR196W	0.69751
4012	YER145C-A	0.69751
4013	YKR061W	0.6975
4014	YCL058C	0.69747
4015	YMR156C	0.69747
4016	YHL049C	0.69742
4017	YPL249C-A	0.69742
4018	YLR412C-A	0.69733
4019	YMR259C	0.69724
4020	YGR068W-A	0.69722
4021	YCR102W-A	0.69719
4022	YBL065W	0.69718
4023	YKR073C	0.69714
4024	YGR116W	0.69713
4025	YLR415C	0.69701
4026	YDR150W	0.69699
4027	YGR099W	0.69697
4028	YER046W-A	0.69696
4029	YOR360C	0.69695
4030	YLL054C	0.69679
4031	YMR135W-A	0.69677
4032	YDL024C	0.69677
4033	YIR006C	0.69674
4034	YPL047W	0.69674
4035	YBR260C	0.69662
4036	YBR266C	0.6966
4037	YOR156C	0.69656
4038	YML013W	0.69651
4039	YDR192C	0.69648
4040	YFR026C	0.69648
4041	YKL044W	0.69642
4042	YPL152W-A	0.69636
4043	YAL034C-B	0.69634
4044	YBR027C	0.69628
4045	YML130C	0.69627
4046	YOR090C	0.69626
4047	YPR050C	0.69621
4048	YGR038W	0.69617
4049	YNR003W-A	0.69616
4050	YDR290W	0.69616
4051	YOR008W-B	0.69612
4052	YBL035C	0.69603
4053	YGL098W	0.69592
4054	YGR202C	0.69586
4055	YDR003W	0.69583
4056	YDR301W	0.69576
4057	YCR025C	0.69564
4058	YDR106W	0.69562
4059	YPL252C	0.69561
4060	YLR111W	0.69557
4061	YER151C	0.69553
4062	YNL242W	0.69549
4063	YIL050W	0.69548
4064	YNL236W	0.69543
4065	YCR093W	0.69539
4066	YNL277W-A	0.69538
4067	YGR149W	0.69537
4068	YAL025C	0.69536
4069	YPL148C	0.69536
4070	YHR172W	0.69533
4071	YPR160C-A	0.69526
4072	YCR067C	0.69525
4073	YDR246W-A	0.69523
4074	YDR421W	0.69521
4075	YLR323C	0.69516
4076	YLR150W	0.69515
4077	YNL032W	0.69512
4078	YHR081W	0.69512
4079	YGL094C	0.69502
4080	YER067C-A	0.69497
4081	YGR112W	0.69495
4082	YDL091C	0.69491
4083	YNL221C	0.6949
4084	YDR316W	0.6949
4085	YJR036C	0.69489
4086	YFR031C-A	0.69482
4087	YIL018W	0.69482
4088	YBR246W	0.69481
4089	YMR316C-A	0.6948
4090	YGR166W	0.69479
4091	YBL097W	0.69479
4092	YKL075C	0.69478
4093	YOR269W	0.69476
4094	YFR016C	0.69467
4095	YPL243W	0.69467
4096	YJL141C	0.69466
4097	YJL077C	0.69465
4098	YIL085C	0.69458
4099	YFL009W	0.69447
4100	YNL145W	0.69434
4101	YDR524W-C	0.69433
4102	YDR327W	0.69429
4103	YOL026C	0.69421
4104	YMR168C	0.69421
4105	YPL271W	0.69416
4106	YHL005C	0.69416
4107	YDR205W	0.6941
4108	YOR075W	0.69394
4109	YFL064C	0.69393
4110	YDL162C	0.69385
4111	YER021W	0.69377
4112	YNR018W	0.69373
4113	YNL186W	0.69371
4114	YMR001C-A	0.69371
4115	YDR015C	0.69368
4116	YLL044W	0.69365
4117	YLR290C	0.69362
4118	YDL175C	0.69359
4119	YJR136C	0.69358
4120	YOR026W	0.69353
4121	YJR114W	0.69342
4122	YOL160W	0.69338
4123	YPL037C	0.69335
4124	YGL129C	0.69335
4125	YNR069C	0.69335
4126	YGR069W	0.69332
4127	YJR090C	0.69325
4128	YGL031C	0.69323
4129	YOL079W	0.69319
4130	YCR035C	0.69313
4131	YBR277C	0.69311
4132	YDR073W	0.6931
4133	YMR295C	0.69304
4134	YGL254W	0.69302
4135	YAL055W	0.69298
4136	YMR033W	0.69294
4137	YMR039C	0.69283
4138	YBL080C	0.69282
4139	YOR070C	0.69278
4140	YDR504C	0.69273
4141	YKL100W-A	0.69271
4142	YOL105C	0.6927
4143	YCL012C	0.69269
4144	YIL089W	0.69263
4145	YDR126W	0.69263
4146	YOR038C	0.69261
4147	YGR223C	0.69261
4148	YGL149W	0.69253
4149	YER023C-A	0.69251
4150	YDR405W	0.69248
4151	YBR059C	0.69248
4152	YDR525W	0.69246
4153	YPR175W	0.69245
4154	YFL031C-A	0.69245
4155	YKL090W	0.69244
4156	YGR006W	0.69244
4157	YHL035C	0.69236
4158	YHR125W	0.69225
4159	YML049C	0.69224
4160	YPL191C	0.6922
4161	YLR097C	0.69215
4162	YOR314W	0.69214
4163	YLR162W-A	0.69205
4164	YLR012C	0.69203
4165	YGR068C	0.69195
4166	YFL036W	0.69187
4167	Q0160	0.69167
4168	YNL114C	0.69163
4169	YJL127C-B	0.69162
4170	YJL006C	0.69161
4171	YGL052W	0.69159
4172	YKL104W-A	0.69158
4173	YNL301C	0.69156
4174	YOL120C	0.69156
4175	YER153C	0.69155
4176	YBL008W	0.69153
4177	YDR521W	0.69151
4178	YML116W-A	0.69148
4179	YGR033C	0.69139
4180	YLR071C	0.69138
4181	YFR009W-A	0.69138
4182	YEL016C	0.69137
4183	YPL038W	0.69134
4184	YBR298C-A	0.69132
4185	YKL142W	0.69126
4186	YOL001W	0.69122
4187	YHR073W-A	0.69118
4188	YFL025C	0.69117
4189	YKL033W	0.69115
4190	YGR167W	0.69112
4191	YOR365C	0.69112
4192	YLR029C	0.69111
4193	YOR334W	0.691
4194	YNL294C	0.69096
4195	YJR123W	0.69092
4196	YJL215C	0.69091
4197	YML088W	0.69088
4198	YIL150C	0.69085
4199	YDR407C	0.69084
4200	YKL083W	0.69081
4201	YBR158W	0.69079
4202	YBR278W	0.69075
4203	YOR316C-A	0.69075
4204	YPR166C	0.69069
4205	YOR237W	0.69068
4206	YNL052W	0.69066
4207	YDR320C-A	0.6905
4208	YMR173W	0.69049
4209	YJL188C	0.69048
4210	YFR037C	0.69029
4211	YPR045C	0.69028
4212	YDR206W	0.69027
4213	YHR150W	0.69026
4214	YNL174W	0.69021
4215	YJL135W	0.69018
4216	YIL061C	0.69014
4217	YLR202C	0.69013
4218	YAL047W-A	0.69003
4219	YBR178W	0.69001
4220	YJR100C	0.68999
4221	YNL208W	0.68992
4222	YNR023W	0.6899
4223	YMR157C	0.6898
4224	YJR033C	0.68976
4225	YHR021W-A	0.6897
4226	YOR225W	0.68968
4227	YPL189W	0.68967
4228	YNL097W-A	0.68966
4229	YNL325C	0.68963
4230	YHR007C-A	0.68959
4231	YER079C-A	0.68957
4232	YPL007C	0.68953
4233	YKR071C	0.68946
4234	YGL228W	0.68941
4235	YDR020C	0.68932
4236	YER131W	0.68924
4237	YCR077C	0.68923
4238	YJR097W	0.68921
4239	YGR204C-A	0.68913
4240	YOR041C	0.68911
4241	YGR148C	0.68911
4242	YBR085C-A	0.68908
4243	YCR054C	0.68906
4244	YBR247C	0.68904
4245	YNL158W	0.68904
4246	YHL043W	0.68896
4247	YDR026C	0.68895
4248	YLR342W-A	0.68895
4249	YPL268W	0.68895
4250	YDR278C	0.68883
4251	YKL018C-A	0.68872
4252	YNL085W	0.68865
4253	YJL206C	0.68865
4254	YKL012W	0.6886
4255	YIL032C	0.68858
4256	YER068C-A	0.68857
4257	YOR106W	0.68854
4258	YOR282W	0.68851
4259	YER127W	0.68849
4260	YML048W	0.68849
4261	YLR361C-A	0.68842
4262	YKL203C	0.6884
4263	YKL057C	0.68837
4264	YGL189C	0.68833
4265	YNL308C	0.68823
4266	YPR191W	0.68819
4267	YDL058W	0.68819
4268	YLR154W-A	0.68818
4269	YMR231W	0.68814
4270	YPL167C	0.68814
4271	YLR015W	0.68813
4272	YMR121C	0.6881
4273	YML007C-A	0.68801
4274	YGL127C	0.68786
4275	YLR285C-A	0.68784
4276	YKR092C	0.68783
4277	YGR114C	0.6878
4278	YJL136W-A	0.68779
4279	YML096W	0.68771
4280	YPL069C	0.68768
4281	YDR403W	0.68765
4282	YIL057C	0.68757
4283	YCR026C	0.68748
4284	YMR010W	0.68748
4285	YCL076W	0.68747
4286	YBR258C	0.68743
4287	YGL257C	0.6874
4288	YHR032W-A	0.68739
4289	YLL020C	0.68736
4290	YHR069C-A	0.6873
4291	YJR142W	0.68722
4292	YGR158C	0.6872
4293	YJR051W	0.68714
4294	YPL185W	0.68712
4295	YHR009C	0.6871
4296	YOR179C	0.68709
4297	YOR171C	0.68704
4298	YIL095W	0.68701
4299	YLR364C-A	0.68699
4300	YJL202C	0.68698
4301	YGL169W	0.68696
4302	YGR182C	0.68694
4303	YOR376W	0.68693
4304	Q0070	0.68689
4305	YGL177W	0.68684
4306	YMR005W	0.68684
4307	YOR305W	0.68683
4308	YJL123C	0.68683
4309	YOL076W	0.6868
4310	YGL188C	0.6868
4311	YJR031C	0.68669
4312	YHR080C	0.68667
4313	YLL031C	0.68663
4314	YBL067C	0.68662
4315	YDR136C	0.68658
4316	YFR013W	0.68653
4317	YER126C	0.68652
4318	YML058W-A	0.68648
4319	YKL043W	0.68647
4320	YKL140W	0.68641
4321	YNL177C	0.68639
4322	YNL077W	0.68633
4323	YOR072W-B	0.6863
4324	YEL050W-A	0.68623
4325	YDR366C	0.68622
4326	YHR022C	0.68618
4327	YLL006W-A	0.68614
4328	YDL009C	0.68613
4329	YLL017W	0.6861
4330	YBR281C	0.68604
4331	YER078C	0.68602
4332	YER090C-A	0.68601
4333	YMR193W	0.68597
4334	YLR437C-A	0.68595
4335	YIL105W-A	0.68594
4336	YCL054W-A	0.6859
4337	YDR095C	0.68585
4338	YOR343C	0.68581
4339	YHR056W-A	0.68579
4340	YDR371C-A	0.68578
4341	YLR311C	0.68571
4342	YCL007C	0.6857
4343	YKL175W	0.6857
4344	YAL026C-A	0.68568
4345	YGL239C	0.68559
4346	YDR527W	0.68557
4347	YLR023C	0.6855
4348	YPR169W	0.68537
4349	YDR426C	0.68535
4350	YLL030C	0.68528
4351	YDL035C	0.68522
4352	YPR039W	0.68511
4353	YAL064W	0.68504
4354	YCR052W	0.68497
4355	YMR307C-A	0.68496
4356	YOL088C	0.68495
4357	YOR210W	0.68494
4358	YFR012W-A	0.6849
4359	YAL013W	0.68489
4360	YDR437W	0.68488
4361	YKL201C	0.68484
4362	YPL073C	0.68482
4363	YBR131C-A	0.68475
4364	YBL074C	0.68474
4365	YDR242W	0.68467
4366	YGR128C	0.68466
4367	YDL116W	0.68466
4368	YOL144W	0.68464
4369	YDR241W	0.68462
4370	YHL037C	0.6846
4371	YLR365W	0.68455
4372	YOR248W	0.68453
4373	YLR226W	0.6845
4374	YPR096C	0.68448
4375	YGR139W	0.68446
4376	YJL211C	0.68443
4377	YER034W	0.68432
4378	YIL130W	0.68422
4379	YBL012C	0.68419
4380	YGR090W	0.68411
4381	YBR255C-A	0.68407
4382	YHR186C	0.68406
4383	YCL052C	0.68402
4384	YPL072W	0.68402
4385	YMR012W	0.68394
4386	YIL115C	0.68391
4387	YLR385C	0.68387
4388	YKR041W	0.6838
4389	YML032C	0.68378
4390	YCL004W	0.68374
4391	YGR228W	0.68373
4392	YDL146W	0.68373
4393	YNL138W-A	0.68369
4394	YJR039W	0.68369
4395	YDL062W	0.68366
4396	YDR079W	0.68361
4397	YHR083W	0.6836
4398	YDR079C-A	0.68356
4399	YDR052C	0.68354
4400	YKL165C-A	0.6835
4401	YDL122W	0.68347
4402	YIL026C	0.68342
4403	YHR122W	0.68325
4404	YMR106C	0.68319
4405	YDR213W	0.68319
4406	YJL062W-A	0.68314
4407	YAR027W	0.6831
4408	YBR193C	0.68309
4409	YJR061W	0.68308
4410	YMR315W-A	0.68298
4411	YGL029W	0.68289
4412	YOR263C	0.68281
4413	YNL187W	0.68281
4414	YLR314C	0.6828
4415	YPL038W-A	0.68279
4416	YHR197W	0.68279
4417	YML111W	0.68268
4418	YGR045C	0.68267
4419	YNL086W	0.68265
4420	YIL046W-A	0.68259
4421	YBL104C	0.68258
4422	YDR261C	0.68255
4423	YNR042W	0.68252
4424	YKR072C	0.68241
4425	YBR206W	0.68237
4426	YMR024W	0.68234
4427	YJL177W	0.68231
4428	YJL165C	0.6823
4429	YIL096C	0.68228
4430	YOR229W	0.6822
4431	YMR141C	0.68219
4432	YBR296C-A	0.68217
4433	YNL120C	0.68216
4434	YMR026C	0.68211
4435	YIL029C	0.68209
4436	YLR063W	0.68203
4437	YKL169C	0.68201
4438	YMR126C	0.68194
4439	YGL180W	0.68193
4440	YGL007W	0.68184
4441	YER115C	0.6818
4442	YJL156C	0.68179
4443	YIL072W	0.68178
4444	YOL085W-A	0.68178
4445	YPR099C	0.68176
4446	YGR174W-A	0.68168
4447	YDR535C	0.68165
4448	YLR225C	0.68164
4449	YGL145W	0.68153
4450	YPR139C	0.68153
4451	YAL002W	0.68149
4452	YNL179C	0.68146
4453	YKL136W	0.68143
4454	YKR033C	0.6814
4455	YNL097C	0.68138
4456	YNL271C	0.68135
4457	YHR127W	0.6813
4458	YJL100W	0.68128
4459	YMR013C	0.68124
4460	YOL033W	0.68121
4461	YGR278W	0.6812
4462	YGR188C	0.68118
4463	YLL004W	0.68116
4464	YDL225W	0.6811
4465	YOR161C-C	0.6811
4466	YAR030C	0.68104
4467	YMR316W	0.68096
4468	YER128W	0.68084
4469	YPL090C	0.68084
4470	YBR181C	0.68084
4471	YLR154C	0.68081
4472	YMR175W-A	0.68077
4473	YNL143C	0.68076
4474	YPL041C	0.68067
4475	YKR021W	0.68064
4476	YIR011C	0.68064
4477	YPR116W	0.68062
4478	YBL077W	0.68058
4479	YGL085W	0.68049
4480	YML071C	0.68047
4481	YDR218C	0.68044
4482	YCL034W	0.68043
4483	YIL060W	0.68031
4484	YDR180W	0.68026
4485	YFR034C	0.68025
4486	YKL045W	0.68019
4487	YMR082C	0.68018
4488	YPR136C	0.68017
4489	YPR029C	0.68014
4490	YNL140C	0.68013
4491	YNL272C	0.68012
4492	YDR409W	0.68011
4493	YGR227C-A	0.68008
4494	YOL071W	0.67988
4495	YMR077C	0.67979
4496	YOR105W	0.67979
4497	YNR061C	0.67979
4498	YER088W-B	0.67979
4499	YGR042W	0.67978
4500	YPL183W-A	0.67977
4501	YEL075W-A	0.67975
4502	YJR147W	0.67969
4503	YOL166W-A	0.67963
4504	YNL051W	0.67957
4505	YDR080W	0.67956
4506	YKL180W	0.67951
4507	YGL178W	0.67942
4508	YNL267W	0.6794
4509	YDR110W	0.67936
4510	YDL151C	0.67935
4511	YJR151W-A	0.67932
4512	YLR233C	0.67932
4513	YGR205W	0.67927
4514	YPR072W	0.67918
4515	YDR401W	0.67917
4516	YPL186C	0.67914
4517	YJL140W	0.67911
4518	YLR163W-A	0.67906
4519	YIL137C	0.67902
4520	YPL228W	0.67899
4521	YJL166W	0.67892
4522	YGL121C	0.67881
4523	YOR060C	0.67878
4524	YGR178C	0.67871
4525	YKR007W	0.6787
4526	YIL020C-A	0.67859
4527	YPR155C	0.67855
4528	YJR140C	0.67847
4529	YLR199C	0.67846
4530	YHR052C-B	0.67839
4531	YHR054C-B	0.67839
4532	YGL188C-A	0.67838
4533	YNL227C	0.67837
4534	YPR187W	0.67831
4535	YIL070C	0.6783
4536	YOR191W	0.67821
4537	YOR322C	0.67817
4538	YNR007C	0.67816
4539	YGL056C	0.67808
4540	YPR152C	0.67803
4541	YGL158W	0.67799
4542	YLR463C	0.67797
4543	YOR366W	0.67792
4544	YJL029C	0.67792
4545	YPL248C	0.67786
4546	YGR293C	0.67785
4547	YER091C-A	0.67783
4548	YJL106W	0.67777
4549	YDR133C	0.67776
4550	YEL009C	0.67776
4551	YBR230W-A	0.67774
4552	YDR101C	0.6777
4553	YMR115W	0.67764
4554	YJL173C	0.67755
4555	YAL019W-A	0.67752
4556	YGR035W-A	0.6775
4557	YKL106W	0.67747
4558	YDR354W	0.67747
4559	YGR096W	0.67747
4560	YPR146C	0.67746
4561	YIL104C	0.67745
4562	YNL080C	0.67743
4563	YNR035C	0.67734
4564	YDR137W	0.67733
4565	YGR070W	0.67732
4566	YGR206W	0.67731
4567	YLR428C	0.67727
4568	YGL263W	0.67723
4569	R0010W	0.67709
4570	YCL055W	0.67708
4571	YGR160W	0.67707
4572	YJL069C	0.67704
4573	YMR294W-A	0.67701
4574	YOR149C	0.67701
4575	YJL077W-B	0.67699
4576	YKL034W	0.67684
4577	YNR068C	0.67677
4578	YGL226W	0.67672
4579	YER019C-A	0.67666
4580	YMR281W	0.67664
4581	YDL114W-A	0.67663
4582	YLL066W-A	0.67663
4583	YFL068W	0.67663
4584	YLL067W-A	0.67663
4585	YJR111C	0.67662
4586	YLR166C	0.67651
4587	YHL030W	0.67648
4588	YPR150W	0.67645
4589	YLR035C	0.67638
4590	YER067W	0.67636
4591	YDR445C	0.6763
4592	YDL059C	0.67622
4593	YBR012C	0.67615
4594	YMR275C	0.67614
4595	YOR293C-A	0.676
4596	YBL071C-B	0.67595
4597	YOR396C-A	0.67582
4598	YLR466C-A	0.67582
4599	YLR467C-A	0.67582
4600	YLR425W	0.6758
4601	YKL005C	0.67554
4602	YDR003W-A	0.67541
4603	YNL170W	0.67534
4604	YGR219W	0.67529
4605	YLR262C-A	0.67529
4606	YBR064W	0.67528
4607	YHL028W	0.67527
4608	YBR282W	0.67524
4609	YPL108W	0.67523
4610	YLR171W	0.67522
4611	YPL165C	0.67521
4612	YHR146W	0.67518
4613	YKL089W	0.6751
4614	YGL067W	0.67508
4615	YBR209W	0.67506
4616	YAR019C	0.67504
4617	YGR122W	0.67499
4618	YDR160W	0.67495
4619	YLR101C	0.67493
4620	YGL233W	0.67484
4621	YLR337C	0.67474
4622	YML047W-A	0.67472
4623	YBR022W	0.6747
4624	YDR208W	0.67467
4625	YBR142W	0.67467
4626	YDR335W	0.67458
4627	YJL148W	0.67454
4628	YGL192W	0.67449
4629	YGR235C	0.67447
4630	YHR087W	0.67446
4631	YNL019C	0.67445
4632	YBL094C	0.67441
4633	YNL033W	0.67435
4634	YIR001C	0.67434
4635	YDR545C-A	0.67431
4636	YLL046C	0.67429
4637	YDR296W	0.67421
4638	YFR043C	0.6742
4639	YDL013W	0.67417
4640	YHR059W	0.67415
4641	YJR115W	0.6741
4642	YLR183C	0.67408
4643	YDR049W	0.67406
4644	YLR010C	0.67406
4645	YNL338W	0.67405
4646	YDL185C-A	0.67402
4647	YPR097W	0.674
4648	YNL339W-B	0.67396
4649	YML133W-B	0.67396
4650	YHR219C-A	0.67396
4651	YMR154C	0.67389
4652	YGL146C	0.67383
4653	YMR122W-A	0.6738
4654	YDR314C	0.67379
4655	YJL007C	0.67377
4656	YCL029C	0.67372
4657	YDR157W	0.67368
4658	YIL177W-A	0.67362
4659	YJL225W-A	0.67362
4660	YER105C	0.67362
4661	YIL009C-A	0.67358
4662	YIL042C	0.67346
4663	YEL077W-A	0.67341
4664	YGR296C-B	0.67341
4665	YPR204C-A	0.67341
4666	YER190C-B	0.67341
4667	YPL283W-B	0.67341
4668	YDR323C	0.67338
4669	YDR163W	0.67337
4670	YLR388W	0.67334
4671	YML012C-A	0.67329
4672	YOR190W	0.67326
4673	YER139C	0.67326
4674	YFR001W	0.67323
4675	YHR072W-A	0.67318
4676	YGR056W	0.67315
4677	YGR170W	0.67305
4678	YOR368W	0.67296
4679	YDR199W	0.67293
4680	YLL051C	0.67291
4681	YGR127W	0.67287
4682	YLR204W	0.67279
4683	YDL025C	0.67279
4684	YGR174C	0.67278
4685	YGR291C	0.67275
4686	YJR054W	0.67274
4687	YIR005W	0.67268
4688	YJL046W	0.67253
4689	YAR061W	0.67253
4690	YHR212W-A	0.67253
4691	YOR302W	0.67246
4692	YIL040W	0.67245
4693	YGL150C	0.67244
4694	YPR071W	0.67243
4695	YPL107W	0.6724
4696	YPL078C	0.67237
4697	YBL092W	0.67232
4698	YDL099W	0.6723
4699	YMR320W	0.67229
4700	YBR016W	0.67219
4701	YOL028C	0.67216
4702	YAR008W	0.67215
4703	YOR124C	0.67211
4704	YKR085C	0.67207
4705	YPL074W	0.67205
4706	YOR064C	0.67202
4707	YHL050W-A	0.672
4708	YLR370C	0.67198
4709	YKL111C	0.6719
4710	YBR186W	0.67189
4711	YEL074W	0.67181
4712	YMR274C	0.6718
4713	YLR068W	0.67178
4714	YDR271C	0.67178
4715	YPR085C	0.67178
4716	YLL002W	0.67176
4717	YPL241C	0.67172
4718	YLR154W-F	0.67167
4719	YGR164W	0.67162
4720	YLR132C	0.67153
4721	YOR069W	0.67148
4722	YDR413C	0.67148
4723	YKL205W	0.67145
4724	YPL163C	0.67139
4725	YGL195W	0.67137
4726	YER087W	0.67135
4727	YDR367W	0.67132
4728	YPL144W	0.67128
4729	YJL071W	0.67127
4730	YGL014C-A	0.67125
4731	YJR102C	0.6712
4732	YCL058W-A	0.67117
4733	YML050W	0.67116
4734	YFL027C	0.67112
4735	YMR182C	0.67111
4736	YPL137C	0.6711
4737	YOR205C	0.67108
4738	YGR059W	0.67107
4739	YBR102C	0.67104
4740	R0040C	0.67103
4741	YKR023W	0.67102
4742	YKR065C	0.67097
4743	YLR402W	0.67093
4744	YLR157W-D	0.67085
4745	YNL109W	0.67077
4746	YOR174W	0.67065
4747	YNL084C	0.67064
4748	YGR091W	0.67058
4749	YER135C	0.67053
4750	YLR396C	0.67051
4751	YNL038W	0.6705
4752	YLR096W	0.67046
4753	YHR001W-A	0.67041
4754	YHR058C	0.67023
4755	YHR045W	0.67004
4756	YKL195W	0.67003
4757	YLR288C	0.67002
4758	YJL182C	0.66994
4759	YBR284W	0.66994
4760	YDL065C	0.66987
4761	YFL023W	0.66985
4762	YGL133W	0.66985
4763	YBR179C	0.6698
4764	YLR309C	0.66977
4765	YHR073W	0.66975
4766	YNL118C	0.66973
4767	YKL124W	0.66969
4768	YDR420W	0.66964
4769	YDR179W-A	0.66961
4770	YER024W	0.66952
4771	YCL067C	0.6695
4772	YCR039C	0.6695
4773	YJR082C	0.66945
4774	YNL024C-A	0.66941
4775	YOR032W-A	0.66939
4776	YIL105C	0.66934
4777	YMR267W	0.66933
4778	YDR473C	0.6692
4779	YOR080W	0.66917
4780	YDL142C	0.66912
4781	YAL037C-A	0.6691
4782	YBR279W	0.66897
4783	YDR027C	0.66893
4784	YGR025W	0.6689
4785	YCL056C	0.66887
4786	YDR460W	0.6688
4787	YIL027C	0.66858
4788	YOR194C	0.66853
4789	YHR138C	0.66853
4790	YHR049C-A	0.66844
4791	YMR137C	0.66841
4792	YCL057W	0.6684
4793	YGL247W	0.66829
4794	YJR066W	0.66818
4795	YBR129C	0.66791
4796	YPL032C	0.66787
4797	YBR026C	0.66782
4798	YIL132C	0.66781
4799	YEL028W	0.6677
4800	YER078W-A	0.66768
4801	YAL043C	0.66767
4802	YER068W	0.66764
4803	YPR040W	0.66756
4804	YPR001W	0.66756
4805	YOR180C	0.66755
4806	YOR123C	0.66751
4807	YGR018C	0.66748
4808	YJL131C	0.66738
4809	YEL061C	0.66725
4810	YDL153C	0.66706
4811	YBL008W-A	0.66699
4812	YER084W	0.66696
4813	YHR214W-A	0.66693
4814	YOR256C	0.66693
4815	YOR288C	0.66691
4816	Q0080	0.66689
4817	YLR154W-C	0.66688
4818	YMR313C	0.66676
4819	YPR179C	0.66674
4820	YDL247W-A	0.66664
4821	YMR067C	0.66663
4822	YHR063W-A	0.66648
4823	YLR051C	0.66644
4824	YKL134C	0.66636
4825	YMR240C	0.66629
4826	YGL025C	0.66629
4827	YDL133W	0.66628
4828	YCR022C	0.66617
4829	YKL116C	0.66615
4830	YER007W	0.66607
4831	YAR020C	0.66599
4832	YGR044C	0.66596
4833	YEL032C-A	0.66594
4834	YBR040W	0.66591
4835	YLR456W	0.66591
4836	YDR449C	0.66589
4837	YCR089W	0.66583
4838	YGR238C	0.66578
4839	YDR128W	0.66567
4840	YPR148C	0.66566
4841	YBL113W-A	0.66562
4842	YOL166C	0.66548
4843	YNL128W	0.66544
4844	YKR096W	0.66542
4845	YNL226W	0.66542
4846	YGL041C-B	0.66537
4847	YBL072C	0.6653
4848	YER102W	0.6653
4849	YMR184W	0.66527
4850	YKL049C	0.66521
4851	YER137W-A	0.66519
4852	YLL016W	0.66516
4853	YBR150C	0.66513
4854	YOR344C	0.66511
4855	YDL237W	0.66511
4856	YCR095W-A	0.66508
4857	YDR245W	0.66502
4858	YMR141W-A	0.66482
4859	YMR212C	0.66469
4860	YMR209C	0.66463
4861	YIL014C-A	0.66462
4862	YCL031C	0.66455
4863	YFL013C	0.66454
4864	YGL203C	0.66448
4865	YER113C	0.66446
4866	YPL128C	0.66446
4867	YFL012W-A	0.66438
4868	YLR417W	0.66432
4869	YPL260W	0.66432
4870	YER189W	0.66432
4871	YPR074W-A	0.66429
4872	YLR191W	0.66425
4873	YHL041W	0.66419
4874	YBL059C-A	0.66419
4875	YEL068C	0.664
4876	YHR214C-C	0.66399
4877	YAR068W	0.66397
4878	YOR260W	0.66397
4879	YHR078W	0.66394
4880	YLR184W	0.6639
4881	YMR211W	0.66385
4882	YNL304W	0.66377
4883	YKL183W	0.66372
4884	YOL095C	0.6636
4885	YKL054C	0.66359
4886	YDL002C	0.66355
4887	YKL088W	0.66353
4888	YDR194W-A	0.6635
4889	YKL015W	0.66348
4890	YOR098C	0.66339
4891	YDL061C	0.66338
4892	YLR329W	0.66338
4893	YHR212C	0.66333
4894	YAR060C	0.66333
4895	YDL203C	0.6633
4896	YDR262W	0.66329
4897	YOL101C	0.66327
4898	YNL073W	0.66327
4899	YDL112W	0.66326
4900	YLR084C	0.66326
4901	YML009C	0.6632
4902	YDL043C	0.66318
4903	YJR140W-A	0.66314
4904	YLR039C	0.66303
4905	YDR008C	0.66298
4906	Q0017	0.66296
4907	YKL149C	0.66295
4908	YOR166C	0.66292
4909	YDR231C	0.66284
4910	YLR392C	0.66283
4911	YLR350W	0.66278
4912	YNL300W	0.66277
4913	YGR109C	0.66275
4914	YDR108W	0.66271
4915	YNL285W	0.66268
4916	YGR137W	0.66265
4917	YNL249C	0.6626
4918	YBL045C	0.66259
4919	YJR002W	0.66247
4920	YBR126W-A	0.66233
4921	YCR063W	0.66232
4922	YBR065C	0.66228
4923	YNL205C	0.66215
4924	YLR363C	0.66215
4925	YCR001W	0.66211
4926	YNR044W	0.66208
4927	YMR159C	0.66207
4928	YLR346C	0.66207
4929	YEL075C	0.66205
4930	YJL026C-A	0.66181
4931	YGL092W	0.6618
4932	YLR406C-A	0.66179
4933	YGL041C	0.66173
4934	YJL098W	0.66172
4935	YGR270W	0.66172
4936	YDR281C	0.6617
4937	YCR091W	0.66169
4938	YPL155C	0.66159
4939	YKL145W-A	0.66158
4940	YHR084W	0.66157
4941	YNR037C	0.66151
4942	YLR305C	0.66145
4943	YGR165W	0.66143
4944	YGL014W	0.66138
4945	YDR509W	0.66122
4946	YJR122W	0.66121
4947	YMR075C-A	0.6612
4948	YJL199C	0.66119
4949	YJR119C	0.66113
4950	YJL101C	0.66111
4951	YGR002C	0.6611
4952	YDR006C	0.66107
4953	YLR106C	0.66086
4954	YPR055W	0.66082
4955	YDR333C	0.66077
4956	YDR072C	0.6607
4957	YNR028W	0.66066
4958	YPR089W	0.66057
4959	YMR247C	0.66054
4960	YNL315C	0.66051
4961	YOL164W-A	0.66044
4962	YOL087C	0.66042
4963	YHR217C	0.66038
4964	YDR246W	0.66036
4965	YLR400W	0.6603
4966	YER137C	0.66026
4967	YKR028W	0.66025
4968	YLR054C	0.66021
4969	YBR216C	0.6602
4970	YDR153C	0.66019
4971	YGL132W	0.66019
4972	YDR501W	0.66016
4973	YKL082C	0.66015
4974	YMR130W	0.66012
4975	YKL016C	0.66006
4976	YPR169W-A	0.66003
4977	YJL205C	0.66001
4978	YIL025C	0.66
4979	YMR061W	0.65996
4980	YHL046W-A	0.65986
4981	YLL066W-B	0.6597
4982	YOL053W	0.65955
4983	YDR486C	0.65951
4984	YOR112W	0.65938
4985	YAL059W	0.65936
4986	YDR511W	0.65934
4987	YBL004W	0.65931
4988	YPR202W	0.65923
4989	YNL211C	0.65922
4990	YOR346W	0.65921
4991	YER008C	0.65914
4992	YMR019W	0.65914
4993	YAL069W	0.65911
4994	YBR196C-A	0.65907
4995	YJL061W	0.65904
4996	YLR459W	0.65903
4997	YPL192C	0.65902
4998	YOR319W	0.65897
4999	YJL037W	0.65893
5000	YGR052W	0.65881
5001	YMR172C-A	0.65875
5002	YMR044W	0.65873
5003	YFR049W	0.6587
5004	YGL060W	0.65869
5005	YNL002C	0.65868
5006	YCR019W	0.65864
5007	YIL024C	0.65853
5008	YBL010C	0.65849
5009	YBL086C	0.65849
5010	YBR044C	0.65848
5011	YJR126C	0.65845
5012	YIL090W	0.65841
5013	YNL067W-A	0.65837
5014	YOL045W	0.65829
5015	YML104C	0.65828
5016	YFR052W	0.65823
5017	YDR340W	0.65823
5018	Q0297	0.658
5019	YJL039C	0.65797
5020	YPR030W	0.65793
5021	YDL012C	0.65782
5022	YGL116W	0.65776
5023	YDL074C	0.65764
5024	YOL035C	0.65763
5025	YNR006W	0.65763
5026	YKL168C	0.65743
5027	YDR247W	0.65743
5028	YLR312W-A	0.65723
5029	YPR143W	0.65702
5030	YMR287C	0.657
5031	YER066C-A	0.65688
5032	YHR158C	0.65688
5033	YJL127C	0.65681
5034	YMR185W	0.65681
5035	YBR219C	0.6568
5036	YKL122C	0.65674
5037	YDR412W	0.65673
5038	YLL049W	0.65668
5039	YDR283C	0.65657
5040	YOR392W	0.65656
5041	YPL257W	0.65652
5042	YJL109C	0.65651
5043	YMR052C-A	0.6565
5044	YOR247W	0.65629
5045	YML009W-B	0.65628
5046	YIL077C	0.65622
5047	YOR063W	0.65621
5048	YMR048W	0.6562
5049	YIL002W-A	0.65619
5050	YMR190C	0.65608
5051	YIL084C	0.65605
5052	YLR366W	0.65605
5053	YDR198C	0.65605
5054	YDR455C	0.65586
5055	YNL126W	0.65578
5056	YMR298W	0.65575
5057	YGR097W	0.65572
5058	YDR396W	0.6555
5059	YNL029C	0.65542
5060	YOR043W	0.65537
5061	YBR212W	0.65532
5062	YDR221W	0.65525
5063	YJL054W	0.65522
5064	YFR036W-A	0.65521
5065	YPL123C	0.65518
5066	YAL065C	0.65517
5067	YER087C-A	0.6551
5068	YKR082W	0.65508
5069	YJR087W	0.65504
5070	YMR070W	0.65501
5071	YER133W-A	0.65493
5072	YDR279W	0.65491
5073	YJL086C	0.65486
5074	YBR161W	0.6548
5075	YDL179W	0.6548
5076	YLR232W	0.6548
5077	YHR079C	0.65477
5078	YBL066C	0.65448
5079	YHL021C	0.65443
5080	YBL107W-A	0.65433
5081	YAL011W	0.65424
5082	YKL032C	0.65418
5083	YGR072W	0.65415
5084	YLR127C	0.65407
5085	YBR300C	0.65402
5086	YLR247C	0.65397
5087	YGR169C-A	0.65394
5088	YBR290W	0.65377
5089	YKL099C	0.65369
5090	YOR227W	0.65361
5091	YHL038C	0.65358
5092	YLR260W	0.65356
5093	YBR135W	0.65349
5094	YGL193C	0.65345
5095	YBL107C	0.65344
5096	YDR524C-A	0.65342
5097	YLR336C	0.65341
5098	YER085C	0.65335
5099	YDL183C	0.65334
5100	YIL156W	0.65333
5101	YDR326C	0.65327
5102	YHR101C	0.65318
5103	YOR115C	0.65301
5104	YGR171C	0.65297
5105	YMR192W	0.65294
5106	YDL214C	0.65291
5107	YPL102C	0.65288
5108	YPL096C-A	0.65284
5109	YOR042W	0.65273
5110	YLL007C	0.65272
5111	YML046W	0.65272
5112	YOL159C	0.6527
5113	YCR003W	0.65267
5114	YML020W	0.65265
5115	YOR083W	0.65264
5116	YNL262W	0.65262
5117	YMR165C	0.6526
5118	YGR046W	0.65259
5119	YDL067C	0.65253
5120	YOL040C	0.65252
5121	YER076W-A	0.65243
5122	YJL132W	0.65242
5123	YDR315C	0.65238
5124	YNL012W	0.65237
5125	YOR015W	0.65237
5126	YBR240C	0.65232
5127	YNL319W	0.65224
5128	YOL104C	0.6522
5129	YOR211C	0.65219
5130	YBR262C	0.65219
5131	YDR544C	0.65217
5132	YOR228C	0.6521
5133	YDR251W	0.65209
5134	YBR269C	0.65205
5135	YEL023C	0.652
5136	YOR186C-A	0.65188
5137	YBR084C-A	0.65184
5138	YBL027W	0.65184
5139	YNL151C	0.6518
5140	YGL237C	0.65175
5141	YDR359C	0.65159
5142	YOR394C-A	0.65154
5143	YDR470C	0.6515
5144	YAL037W	0.65149
5145	YBL028C	0.65144
5146	YJR037W	0.65143
5147	YPR109W	0.6514
5148	YGL108C	0.65131
5149	YEL017W	0.6513
5150	YGR258C	0.65127
5151	YDR048C	0.65117
5152	YPL057C	0.65115
5153	YKL079W	0.65112
5154	YDL028C	0.65109
5155	YCR040W	0.65108
5156	YCL066W	0.65108
5157	YPL278C	0.65075
5158	YDR423C	0.65072
5159	YGR011W	0.65068
5160	YAR047C	0.65068
5161	YMR153C-A	0.65061
5162	YJL044C	0.65051
5163	YOR231C-A	0.65042
5164	YOR230W	0.65035
5165	YAL008W	0.65034
5166	YDR484W	0.65031
5167	YDR389W	0.65029
5168	YFR029W	0.65016
5169	YMR111C	0.65012
5170	YDR431W	0.65011
5171	YBR122C	0.65003
5172	YKR101W	0.64998
5173	YLR154W-E	0.64996
5174	YDR252W	0.64992
5175	YOR011W-A	0.64989
5176	YNL026W	0.64988
5177	YER092W	0.64957
5178	YLR173W	0.64951
5179	YGL142C	0.6495
5180	YIL066W-A	0.64946
5181	YMR091C	0.64945
5182	YJL057C	0.64943
5183	YKL068W	0.64934
5184	YJL038C	0.64926
5185	YFL032W	0.64923
5186	YNL039W	0.6491
5187	YJR110W	0.64904
5188	YML099W-A	0.64898
5189	YKL155C	0.64895
5190	YLR169W	0.64877
5191	YPL035C	0.6487
5192	YGL134W	0.64868
5193	YBR123C	0.64866
5194	YDR156W	0.64854
5195	YJL204C	0.64836
5196	YGR008C	0.64832
5197	YKL118W	0.64831
5198	YDR414C	0.64831
5199	YDL094C	0.64827
5200	YER041W	0.64826
5201	YBR191W-A	0.64822
5202	YEL022W	0.64819
5203	YLL032C	0.64813
5204	YLL035W	0.64808
5205	YNL265C	0.64804
5206	YKL011C	0.64797
5207	YPL178W	0.64793
5208	YBR259W	0.64791
5209	YMR030W-A	0.64789
5210	YPL020C	0.64785
5211	YNR059W	0.64784
5212	YGR151C	0.64781
5213	YKL143W	0.64777
5214	YHL024W	0.64776
5215	YLR177W	0.64775
5216	YLR146W-A	0.64766
5217	YKL096C-B	0.64764
5218	YML117W	0.64762
5219	YGR280C	0.6476
5220	YHR093W	0.64759
5221	YLR358C	0.64754
5222	YOR238W	0.6474
5223	YER158W-A	0.64736
5224	YNL337W	0.64727
5225	YGR130C	0.64727
5226	YOR189W	0.64711
5227	YJL020C	0.64706
5228	YPL026C	0.64705
5229	YKR089C	0.64704
5230	YAL066W	0.64697
5231	YOR249C	0.64693
5232	YDR520C	0.64687
5233	YMR283C	0.64682
5234	YOR338W	0.64682
5235	YGL160W	0.64677
5236	YHL020C	0.64672
5237	YNR066C	0.64663
5238	YLR458W	0.64662
5239	YAR009C	0.64661
5240	YCR082W	0.64658
5241	YGL227W	0.64658
5242	YDL219W	0.64656
5243	YHR199C-A	0.64643
5244	YDR329C	0.64632
5245	YCL022C	0.64624
5246	YCL001W-A	0.64623
5247	YNL122C	0.64618
5248	YPR031W	0.64614
5249	YJL047C-A	0.6461
5250	YNL278W	0.64609
5251	YDR273W	0.64608
5252	YDR081C	0.64605
5253	YLR228C	0.64599
5254	YGR184C	0.64572
5255	YDL204W	0.64535
5256	YJR060W	0.64535
5257	YOR012W	0.64514
5258	YCL021W	0.64513
5259	YDR203W	0.64509
5260	YLR437C	0.64505
5261	YMR065W	0.64501
5262	YGR057C	0.64495
5263	YHR214C-B	0.64486
5264	YBL006C	0.64474
5265	YOR093C	0.64473
5266	YBR058C-A	0.64435
5267	YAL056W	0.64434
5268	YDR416W	0.64433
5269	YBR276C	0.64426
5270	YHR035W	0.64425
5271	YER161C	0.64422
5272	YML016C	0.64421
5273	YIL049W	0.6442
5274	YBR292C	0.64418
5275	YGR147C	0.64415
5276	YBL071C	0.64403
5277	YBL079W	0.64396
5278	YGR017W	0.64394
5279	YLR462W	0.64392
5280	YBR217W	0.64389
5281	YBR098W	0.64387
5282	YOR333C	0.64386
5283	YHL025W	0.64382
5284	YAL031W-A	0.6437
5285	YHL009W-A	0.64366
5286	YML054C-A	0.6436
5287	YOR188W	0.64349
5288	YPL126W	0.64338
5289	YDR147W	0.64337
5290	YLR095C	0.6433
5291	YLR087C	0.64327
5292	YPL149W	0.64324
5293	YDR376W	0.64323
5294	YKL106C-A	0.64322
5295	YMR060C	0.64319
5296	YIL030W-A	0.64319
5297	YLR006C	0.64315
5298	YMR198W	0.6431
5299	YOR017W	0.64304
5300	YNL165W	0.64293
5301	YLR142W	0.64293
5302	YGR215W	0.64287
5303	YJR043C	0.64278
5304	YKR044W	0.64275
5305	YOR081C	0.64274
5306	YPL040C	0.64254
5307	YKR006C	0.64243
5308	YER038W-A	0.64241
5309	YLR466C-B	0.64241
5310	YER118C	0.64241
5311	YLR407W	0.64239
5312	YGL168W	0.64239
5313	YMR133W	0.64205
5314	YGR227W	0.64194
5315	YDR485C	0.64193
5316	YNL235C	0.64179
5317	YKL110C	0.64178
5318	YER138W-A	0.64174
5319	YGR049W	0.64172
5320	YJR062C	0.64168
5321	YML023C	0.64163
5322	YDR365W-B	0.6416
5323	YGR104C	0.64159
5324	YJL020W-A	0.64155
5325	YLR434C	0.64154
5326	YNR022C	0.64151
5327	YMR053C	0.64145
5328	YOL004W	0.64144
5329	YNL253W	0.64132
5330	YJR012C	0.64112
5331	YDL045C	0.64098
5332	YDR119W-A	0.64086
5333	YER047C	0.64084
5334	YBR289W	0.64079
5335	YMR148W	0.64075
5336	YNL201C	0.64071
5337	YCR024C	0.64064
5338	YGL007C-A	0.64063
5339	YMR129W	0.64058
5340	YCL028W	0.64056
5341	YLR217W	0.64054
5342	YPR079W	0.64035
5343	YHR105W	0.6403
5344	YDR071C	0.64006
5345	YMR147W	0.64004
5346	YER077C	0.64004
5347	YGR053C	0.63991
5348	YOL024W	0.63988
5349	YHR050W-A	0.63983
5350	YJL092W	0.6397
5351	YLR036C	0.63966
5352	YBR051W	0.63956
5353	YIL163C	0.6395
5354	YBR097W	0.63938
5355	YOR381W-A	0.63929
5356	YLL019C	0.63927
5357	YCR095C	0.63926
5358	YIR014W	0.63926
5359	YNL139C	0.63918
5360	YMR237W	0.63916
5361	YJL114W	0.63915
5362	YJL112W	0.63909
5363	YHL044W	0.63905
5364	YDR197W	0.63895
5365	YER138C	0.6389
5366	YOL134C	0.63887
5367	YLR256W-B/YLR256W-C	0.63881
5368	YML045W	0.63879
5369	YEL010W	0.63874
5370	YMR207C	0.63873
5371	YDL077C	0.63855
5372	YJR027W	0.63843
5373	YOL103W-B	0.63838
5374	YMR029C	0.63828
5375	YDR255C	0.63822
5376	YPR174C	0.63818
5377	YDR143C	0.63813
5378	YDR489W	0.63807
5379	YNL047C	0.63801
5380	YMR294W	0.63799
5381	YIL056W	0.63799
5382	YBL100W-C	0.63791
5383	YKR008W	0.63789
5384	YPL261C	0.63789
5385	YPL257W-B	0.63778
5386	YMR050C	0.63774
5387	YHR154W	0.63761
5388	YLR091W	0.63749
5389	YDL242W	0.63748
5390	YDR098C-B	0.63742
5391	YGR156W	0.63734
5392	YGR038C-B	0.63731
5393	YHR109W	0.6373
5394	YIL093C	0.63727
5395	YLR439W	0.63726
5396	YLR001C	0.63707
5397	YPR158C-D	0.63703
5398	YER035W	0.63699
5399	YML039W	0.63691
5400	YGL041W-A	0.63688
5401	YLR157C-B	0.63678
5402	YGR161C-D	0.63671
5403	YLL040C	0.63662
5404	YJR029W	0.63662
5405	YER160C	0.63657
5406	YPR137C-B	0.63653
5407	YLR440C	0.63643
5408	YAL068W-A	0.63639
5409	YDR462W	0.63622
5410	YKR083C	0.6362
5411	YPR026W	0.63608
5412	YIL005W	0.63607
5413	YLR035C-A	0.63602
5414	YBR012W-B	0.63598
5415	YER093C	0.63597
5416	YMR304C-A	0.63593
5417	YDR228C	0.63592
5418	YDR210C-D	0.63588
5419	YDR141C	0.63579
5420	YLR073C	0.63577
5421	YGR027W-B	0.63573
5422	YMR171C	0.63569
5423	YOL032W	0.63563
5424	YLR227W-B	0.63562
5425	YKR004C	0.63543
5426	YML107C	0.63542
5427	YDR068W	0.6354
5428	YDR316W-B	0.63539
5429	YJL032W	0.63538
5430	YEL072W	0.63536
5431	YGR274C	0.63535
5432	YNL054W-B	0.63523
5433	YDL114W	0.63511
5434	YOR142W-B	0.63507
5435	YFR003C	0.63506
5436	YOR143C	0.63501
5437	YPR075C	0.63498
5438	YLR356W	0.63481
5439	YBL073W	0.63476
5440	YCL001W	0.63474
5441	YDL240C-A	0.63473
5442	YLR136C	0.63462
5443	YIR021W-A	0.63458
5444	YOL063C	0.63455
5445	YMR158C-A	0.63449
5446	YCR108C	0.63442
5447	YML036W	0.63437
5448	YDL220C	0.63434
5449	YOR329C	0.6343
5450	YJR093C	0.63419
5451	YNL215W	0.63411
5452	YNL136W	0.63411
5453	YLR148W	0.63409
5454	YPL254W	0.63406
5455	YNR031C	0.63391
5456	YOL019W	0.63391
5457	YPR022C	0.63385
5458	YBL005W-B	0.63384
5459	YDR125C	0.63378
5460	YDL158C	0.63363
5461	YJL157C	0.63362
5462	YOR337W	0.63361
5463	YBR272C	0.6336
5464	YOR276W	0.63356
5465	YMR045C	0.63354
5466	YJL201W	0.63351
5467	YMR014W	0.6335
5468	YCL039W	0.63347
5469	YGL136C	0.63344
5470	YGR198W	0.63331
5471	YGR106C	0.63325
5472	YPR158W-B	0.63322
5473	YGR108W	0.6332
5474	YNL284C-B	0.63319
5475	YNL230C	0.63316
5476	YDL005C	0.63313
5477	YOR373W	0.63295
5478	YDR261C-D	0.63295
5479	YBR128C	0.63292
5480	YKR015C	0.63292
5481	YHR132W-A	0.63281
5482	YGL131C	0.63281
5483	YIL141W	0.6328
5484	YLL013C	0.63273
5485	YDR507C	0.63264
5486	YJR059W	0.63256
5487	YHR193C-A	0.63255
5488	YDR119W	0.63254
5489	YKR046C	0.63251
5490	YHR155W	0.63249
5491	YOL107W	0.63248
5492	YLR294C	0.63248
5493	YDL216C	0.63228
5494	YFR042W	0.63222
5495	YJL150W	0.63221
5496	YHR023W	0.6322
5497	YBR133C	0.6322
5498	YKR005C	0.63214
5499	YGR122C-A	0.63211
5500	YDR500C	0.63195
5501	YGL124C	0.63184
5502	YLR185W	0.63179
5503	YHR136C	0.63175
5504	YGL006W-A	0.63175
5505	YLR265C	0.63172
5506	YOR182C	0.63171
5507	YLR287C-A	0.63171
5508	YPR027C	0.6317
5509	YGL013C	0.63163
5510	YMR021C	0.63156
5511	YDR377W	0.6315
5512	YHR015W	0.63149
5513	YHR153C	0.63143
5514	YMR073C	0.63139
5515	YPR199C	0.63136
5516	YNL166C	0.63132
5517	YPL105C	0.63121
5518	YPL005W	0.6312
5519	YKL063C	0.6312
5520	YNL171C	0.63112
5521	YML029W	0.63111
5522	YDR363W	0.63092
5523	YKL208W	0.63092
5524	YBL025W	0.63072
5525	YPR015C	0.63054
5526	YJR108W	0.63053
5527	YDR285W	0.63048
5528	Q0075	0.63046
5529	YNR025C	0.63035
5530	YNL050C	0.63034
5531	YOR152C	0.63034
5532	YGR075C	0.63028
5533	YML108W	0.63026
5534	YCR016W	0.63001
5535	YML099C	0.63
5536	YBR182C-A	0.62984
5537	YAL017W	0.62984
5538	YOL017W	0.62982
5539	YDR202C	0.62976
5540	YER006C-A	0.62971
5541	YMR068W	0.62955
5542	YJR091C	0.62947
5543	YEL018W	0.62943
5544	YER184C	0.62937
5545	YER186C	0.62937
5546	YCR020W-B	0.62936
5547	YHR137C-A	0.62929
5548	YKL141W	0.62916
5549	YJR041C	0.62904
5550	YDR261C-C	0.62902
5551	Q0110	0.62892
5552	YHR071W	0.6288
5553	YDR024W	0.6288
5554	YBR195C	0.62874
5555	YLR321C	0.62869
5556	YGL090W	0.62866
5557	YDR222W	0.62843
5558	YHL027W	0.62824
5559	YDL070W	0.62821
5560	YLR278C	0.62816
5561	YKR098C	0.62813
5562	YOR329W-A	0.62809
5563	YNL224C	0.62806
5564	YER112W	0.62804
5565	YMR118C	0.62798
5566	YNL314W	0.62793
5567	YMR256C	0.62786
5568	YNL257C	0.62786
5569	YML076C	0.62775
5570	YBR120C	0.62771
5571	YDR381C-A	0.62771
5572	YKL121W	0.62756
5573	YOL109W	0.62754
5574	YBL084C	0.62751
5575	YNL041C	0.62746
5576	YDL113C	0.62745
5577	YER169W	0.62743
5578	YPR158C-C	0.62731
5579	YPL161C	0.62729
5580	YOL003C	0.6272
5581	YLR157C-A	0.62714
5582	YER137C-A	0.62714
5583	YPL257W-A	0.62714
5584	YDR365W-A	0.62714
5585	YHR145C	0.62709
5586	YDR318W	0.62703
5587	YPR115W	0.62702
5588	YGL230C	0.62695
5589	YKL130C	0.62692
5590	YJL019W	0.62671
5591	YOL103W-A	0.62652
5592	YEL007W	0.6265
5593	YLR395C	0.62645
5594	YER097W	0.62644
5595	YMR140W	0.62636
5596	YDR124W	0.62635
5597	YLR381W	0.62635
5598	YPL141C	0.62634
5599	YLR256W-A	0.62629
5600	YGL174W	0.62629
5601	YDR183C-A	0.62618
5602	YFL007W	0.62591
5603	YBL014C	0.62588
5604	YLR119W	0.62583
5605	YML002W	0.62579
5606	YNL204C	0.62575
5607	YPL242C	0.6257
5608	YDL173W	0.62565
5609	YBL060W	0.62561
5610	YDR170W-A	0.62556
5611	YBR257W	0.6255
5612	YEL009C-A	0.62546
5613	YCR066W	0.62545
5614	YDR357C	0.62544
5615	YOL118C	0.6254
5616	YMR032W	0.62538
5617	YGL113W	0.62536
5618	YBR233W-A	0.62522
5619	YKR030W	0.62517
5620	YDR042C	0.62514
5621	YOR371C	0.62512
5622	YLR149C	0.62512
5623	YOL131W	0.62511
5624	YIL071W-A	0.62508
5625	YER064C	0.62501
5626	YNL198C	0.62497
5627	YMR017W	0.62468
5628	YER096W	0.62461
5629	YER071C	0.62461
5630	YDR463W	0.62456
5631	YKL074C	0.62451
5632	YJL084C	0.62451
5633	YAL041W	0.62447
5634	YPL115C	0.62436
5635	YDR200C	0.6243
5636	YLR227W-A	0.62423
5637	YJR026W	0.62423
5638	YML040W	0.62423
5639	YGR077C	0.62412
5640	YNL011C	0.62403
5641	YNL127W	0.62388
5642	YOR320C	0.62364
5643	YDL050C	0.6233
5644	YPR012W	0.62327
5645	YPR020W	0.62319
5646	YMR258C	0.62286
5647	YAR010C	0.62277
5648	YPR137C-A	0.62277
5649	YDL149W	0.62272
5650	YDL117W	0.6227
5651	YCL019W	0.62254
5652	YJL146W	0.62254
5653	YJR135C	0.62252
5654	YLR067C	0.62251
5655	YIL044C	0.62244
5656	YEL062W	0.6224
5657	YNR047W	0.62236
5658	YKR029C	0.62233
5659	YJL070C	0.62226
5660	YJR107C-A	0.6222
5661	YPL272C	0.62214
5662	YBL093C	0.62209
5663	YER188C-A	0.62209
5664	YJR094W-A	0.62203
5665	YPR043W	0.62203
5666	YGR129W	0.62201
5667	YDR138W	0.62201
5668	YDL106C	0.622
5669	YGR016W	0.62183
5670	YLR442C	0.62183
5671	YOR193W	0.62178
5672	YOR287C	0.62177
5673	YGR115C	0.62177
5674	YKL014C	0.62173
5675	YDL181W	0.62171
5676	YOR242C	0.62171
5677	YOR121C	0.62167
5678	YBR172C	0.62161
5679	YLR297W	0.62153
5680	YGR076C	0.62132
5681	YDR299W	0.62126
5682	YNL284C-A	0.62126
5683	YOL044W	0.62125
5684	YGL226C-A	0.621
5685	YKL038W	0.62098
5686	YIR024C	0.62092
5687	YOL083W	0.62092
5688	YBR188C	0.62092
5689	YLR422W	0.62082
5690	YKR036C	0.62078
5691	YCR099C	0.62061
5692	YOR385W	0.62052
5693	YBR171W	0.62046
5694	YPL150W	0.62045
5695	YBR230C	0.62042
5696	YNL162W	0.62042
5697	YHR141C	0.62042
5698	YER114C	0.62042
5699	YMR107W	0.62041
5700	YGR084C	0.62029
5701	YBR224W	0.62026
5702	Q0115	0.62009
5703	YMR059W	0.62006
5704	YLR222C-A	0.62001
5705	YML083C	0.61997
5706	YJL107C	0.61994
5707	YCR015C	0.61993
5708	YOR144C	0.6199
5709	YGL182C	0.61983
5710	YKR027W	0.61977
5711	YFL002W-A	0.61976
5712	YGR161W-B	0.61976
5713	YDR034C-A	0.61967
5714	YNL070W	0.61963
5715	YJR028W	0.61959
5716	YLR299C-A	0.61959
5717	YHR097C	0.61953
5718	YDR115W	0.61953
5719	YDR543C	0.6194
5720	YAL063C-A	0.61937
5721	YOL069W	0.61935
5722	YDR261W-B	0.61931
5723	YIL139C	0.61925
5724	YJR127C	0.61924
5725	YBR056C-B	0.61918
5726	YOR192C-B	0.61917
5727	YOL136C	0.61901
5728	YDR495C	0.61879
5729	YGR038C-D/YGR038C-C	0.61876
5730	YOR169C	0.61869
5731	YKL133C	0.61864
5732	YLR453C	0.61858
5733	YMR293C	0.61855
5734	YML045W-A	0.61851
5735	YMR046C	0.6185
5736	YJL016W	0.61845
5737	YPR067W	0.61844
5738	YMR117C	0.6182
5739	YDR098C-A	0.61814
5740	YGL042C	0.61811
5741	YDR458C	0.61807
5742	YOL078W	0.61801
5743	YJL049W	0.61801
5744	YLR332W	0.61795
5745	YDL098C	0.61792
5746	YBR012W-A	0.61788
5747	YIR030C	0.61788
5748	YFR032C-A	0.61783
5749	YMR023C	0.61779
5750	YGL038C	0.61775
5751	YDR464W	0.61766
5752	YDR034C-D	0.61766
5753	YDR499W	0.61764
5754	YBL090W	0.61761
5755	YBR081C	0.61744
5756	YGR027W-A	0.61739
5757	YLR035C-B	0.61724
5758	YMR051C	0.61724
5759	YER159C-A	0.61724
5760	YDR316W-A	0.61724
5761	YGR161C-C	0.61724
5762	YJL013C	0.61706
5763	YLL042C	0.61705
5764	YGR030C	0.61703
5765	YDR320C	0.61701
5766	YBL100W-B	0.61695
5767	YLR165C	0.61691
5768	YBL005W-A	0.61677
5769	YJL122W	0.61647
5770	YDR210W-B	0.6163
5771	YLR410W-B	0.61626
5772	YBR163W	0.61625
5773	YKL025C	0.61624
5774	YGR237C	0.61613
5775	YGR038C-A	0.61611
5776	YGL214W	0.61608
5777	YNL159C	0.61606
5778	YDL107W	0.61604
5779	YOL159C-A	0.616
5780	YJR134C	0.61595
5781	YML114C	0.6159
5782	YFR039C	0.61559
5783	YLR198C	0.61558
5784	YGL249W	0.61555
5785	YOR308C	0.61545
5786	YPR042C	0.61542
5787	Q0182	0.61538
5788	YDR131C	0.61526
5789	YOR097C	0.61522
5790	YIL149C	0.61519
5791	YBL059W	0.61513
5792	YLR403W	0.61507
5793	YGR233C	0.61506
5794	YLR242C	0.61495
5795	YPL139C	0.61495
5796	YGR015C	0.61484
5797	YKL159C	0.61479
5798	YDR229W	0.61475
5799	YKL061W	0.61465
5800	YBR197C	0.61463
5801	YDR159W	0.61461
5802	YLR040C	0.61459
5803	YJL023C	0.61455
5804	YMR326C	0.61453
5805	YER046W	0.61445
5806	YGL093W	0.61439
5807	YNL105W	0.61438
5808	YOR289W	0.61434
5809	YML093W	0.61433
5810	YDL127W	0.61428
5811	YHL009C	0.61428
5812	YOR142W-A	0.61422
5813	YPR158W-A	0.61422
5814	YBL048W	0.61417
5815	YBL039W-B	0.61413
5816	YOR085W	0.61411
5817	YCL024W	0.61401
5818	YGR225W	0.61389
5819	YDR295C	0.61387
5820	YPR142C	0.61387
5821	YOR343W-B	0.61383
5822	YPL076W	0.61367
5823	YNL234W	0.61363
5824	YJL187C	0.61361
5825	YIL019W	0.61361
5826	YKR090W	0.61357
5827	YLR256W	0.61357
5828	YNL297C	0.61355
5829	YOR221C	0.6134
5830	YMR193C-A	0.61335
5831	YAR002W	0.61326
5832	YLR423C	0.61319
5833	YDR303C	0.61315
5834	YLR224W	0.61313
5835	YHR119W	0.61301
5836	YNL254C	0.61291
5837	YBR270C	0.6128
5838	YFR032C-B	0.61252
5839	YJL133C-A	0.61244
5840	YDR179C	0.61244
5841	YML101C-A	0.61233
5842	YDR210C-C	0.61226
5843	YOR078W	0.61218
5844	YKR011C	0.61202
5845	YJL105W	0.61195
5846	YLR052W	0.61194
5847	YDR089W	0.61193
5848	YNL068C	0.61193
5849	YOR235W	0.61189
5850	YPL021W	0.61187
5851	YKR020W	0.61183
5852	YNL164C	0.61181
5853	YDR118W	0.6118
5854	YKR054C	0.61172
5855	YER109C	0.6117
5856	YBL005W	0.61167
5857	YGR081C	0.61162
5858	YLR187W	0.6116
5859	YJR080C	0.6116
5860	YDL082W	0.61156
5861	YML047C	0.61146
5862	YDL044C	0.61137
5863	YLR082C	0.6113
5864	YNL013C	0.61126
5865	YHR165C	0.61117
5866	YOL117W	0.61111
5867	YER175W-A	0.61111
5868	YJL118W	0.6111
5869	YJL073W	0.6109
5870	YDR057W	0.61087
5871	YEL025C	0.61086
5872	YPR068C	0.6108
5873	YPL189C-A	0.61077
5874	YLR211C	0.61069
5875	YBR077C	0.61053
5876	YMR025W	0.61046
5877	YBR239C	0.61043
5878	YCR018C-A	0.61043
5879	YMR134W	0.6104
5880	YBR057C	0.61038
5881	YHR130C	0.61031
5882	YDR260C	0.61025
5883	YHR102W	0.61006
5884	YDR254W	0.61005
5885	YHR099W	0.60988
5886	YER173W	0.60985
5887	YDR176W	0.60982
5888	YFL014W	0.60981
5889	YPR007C	0.6098
5890	YLR408C	0.60975
5891	YJL099W	0.60972
5892	YNR039C	0.60968
5893	YGR013W	0.60961
5894	YJL048C	0.60958
5895	YOR037W	0.60946
5896	YIR018W	0.60938
5897	YIL098C	0.60937
5898	YMR100W	0.60923
5899	YJR086W	0.60922
5900	YMR280C	0.6092
5901	YNL295W	0.60917
5902	YJR021C	0.60913
5903	YOR053W	0.60903
5904	YBR215W	0.60888
5905	YHR175W-A	0.60888
5906	YKL138C-A	0.60882
5907	YLR315W	0.6088
5908	YLR295C	0.6087
5909	YOR220W	0.60865
5910	YDL184C	0.60858
5911	YDL133C-A	0.60858
5912	YOR336W	0.60852
5913	YMR151W	0.6084
5914	YJL066C	0.60833
5915	Q0092	0.60826
5916	YLR227C	0.60821
5917	YML113W	0.60819
5918	YDR466W	0.60814
5919	YMR284W	0.60814
5920	YKL072W	0.60802
5921	YER050C	0.60799
5922	YJR138W	0.60783
5923	YMR176W	0.6078
5924	YFR011C	0.60778
5925	YHR143W	0.60765
5926	YBR004C	0.60753
5927	YBR173C	0.60752
5928	YBR049C	0.60744
5929	YOR058C	0.60743
5930	YLR098C	0.60739
5931	YMR142C	0.60731
5932	YCL021W-A	0.60727
5933	YGL215W	0.60726
5934	YOL082W	0.60717
5935	YPR106W	0.60708
5936	YER122C	0.60697
5937	YLR099W-A	0.60684
5938	YKL138C	0.60671
5939	YGR275W	0.6067
5940	YBL051C	0.60652
5941	YPR122W	0.60646
5942	YDR383C	0.60625
5943	YDL152W	0.60623
5944	YDL016C	0.60622
5945	YNL213C	0.60611
5946	YLL021W	0.60603
5947	YML034W	0.60596
5948	YNL156C	0.60588
5949	YGR039W	0.60586
5950	YIL112W	0.60582
5951	YDL129W	0.60581
5952	YDL197C	0.60579
5953	YFL041W-A	0.60553
5954	YIL158W	0.6055
5955	YLR033W	0.60533
5956	YPR134W	0.60506
5957	YFL019C	0.60504
5958	YLR176C	0.60494
5959	YPL120W	0.60493
5960	YIR003W	0.60485
5961	YNL008C	0.60482
5962	YMR072W	0.60472
5963	YER093C-A	0.60471
5964	YPR021C	0.60454
5965	YJL189W	0.60446
5966	YBL029W	0.60439
5967	YOL089C	0.60428
5968	YOR304C-A	0.60398
5969	YDR529C	0.60397
5970	YKR031C	0.60387
5971	YDR469W	0.6038
5972	YDL235C	0.60379
5973	YPL016W	0.60371
5974	YLR238W	0.60358
5975	YGR161W-C	0.60356
5976	YHR004C	0.6032
5977	YOL100W	0.60318
5978	YLR024C	0.60318
5979	YNL058C	0.60309
5980	YOR129C	0.60302
5981	YAL027W	0.60298
5982	YNL054W-A	0.60295
5983	YGL086W	0.60277
5984	YOR313C	0.60258
5985	YIL102C-A	0.60246
5986	YGL159W	0.60234
5987	YMR311C	0.60227
5988	YJR106W	0.60223
5989	YNR063W	0.60218
5990	YIR016W	0.60213
5991	YNL245C	0.60211
5992	YJL113W	0.60206
5993	YKR016W	0.60203
5994	YDL170W	0.60202
5995	YBR238C	0.60187
5996	YJL170C	0.60142
5997	YCR018C	0.60131
5998	YHL009W-B	0.60131
5999	YPL018W	0.60129
6000	YOR127W	0.60121
6001	YKR019C	0.6012
6002	YGL209W	0.60103
6003	YDL121C	0.601
6004	YBL085W	0.60098
6005	YOR284W	0.60091
6006	YLR310C	0.60088
6007	YOR354C	0.6007
6008	YLR363W-A	0.60067
6009	YNL266W	0.60039
6010	YML017W	0.60037
6011	YLR424W	0.60032
6012	YMR164C	0.60006
6013	YOL013W-B	0.59991
6014	YML128C	0.59979
6015	YOR107W	0.59961
6016	YLR151C	0.59959
6017	Q0143	0.59942
6018	YDR201W	0.59939
6019	YDR076W	0.59935
6020	YPL177C	0.59932
6021	YOR170W	0.59927
6022	YDR078C	0.5991
6023	YHR149C	0.59906
6024	YDL048C	0.59893
6025	YPL174C	0.59883
6026	YMR098C	0.59877
6027	YER054C	0.59875
6028	YGL117W	0.59874
6029	YPL216W	0.5987
6030	YER084W-A	0.59865
6031	YKR099W	0.59864
6032	YCR097W	0.59833
6033	YMR172W	0.59832
6034	YDR005C	0.59827
6035	YDR475C	0.5982
6036	YDL159W-A	0.5982
6037	YPR061C	0.59819
6038	YDR317W	0.59815
6039	YBR033W	0.59802
6040	YPL034W	0.59801
6041	YDR034C-C	0.59793
6042	YNL196C	0.59776
6043	YIL086C	0.59761
6044	YPR170W-A	0.59756
6045	YJR101W	0.59756
6046	YLR424C-A	0.59755
6047	YHR082C	0.5975
6048	YFR012W	0.59745
6049	YPR049C	0.59741
6050	YDR261W-A	0.59738
6051	YJL176C	0.59731
6052	YML059C	0.5973
6053	YCL020W	0.59712
6054	YGL059W	0.59711
6055	YLR327C	0.59701
6056	YPL039W	0.59659
6057	YLR182W	0.59659
6058	YDR322W	0.59639
6059	YFL063W	0.59639
6060	YEL014C	0.59637
6061	YCL005W	0.59624
6062	YMR046W-A	0.59585
6063	YDR014W-A	0.59558
6064	YGR222W	0.59551
6065	YKL023W	0.59551
6066	YKR095W	0.59542
6067	YFR040W	0.59505
6068	YBR108W	0.595
6069	YIL159W	0.59492
6070	YIL129C	0.59482
6071	YBR168W	0.59478
6072	YLR465C	0.59468
6073	YPL060C-A	0.59466
6074	YJL209W	0.59461
6075	YMR031C	0.59455
6076	YFL024C	0.59427
6077	YMR299C	0.59403
6078	YOR192C-A	0.59401
6079	YIL037C	0.59394
6080	YPR117W	0.59371
6081	YJL083W	0.59371
6082	YPR009W	0.59361
6083	YDR066C	0.59357
6084	YOR297C	0.59345
6085	YCR032W	0.59343
6086	YGL229C	0.59342
6087	YBR072C-A	0.59329
6088	YHR056C	0.59322
6089	YDR369C	0.5931
6090	YMR018W	0.59301
6091	YGR230W	0.59299
6092	YLR404W	0.59288
6093	YJL056C	0.59288
6094	YDR082W	0.59244
6095	YAL032C	0.59217
6096	YOR186W	0.59212
6097	YDR371W	0.59199
6098	YLR263W	0.59171
6099	YBL063W	0.59156
6100	YOR140W	0.59138
6101	YNR004W	0.59129
6102	YOR298W	0.59113
6103	YLR360W	0.59103
6104	YJL076W	0.59097
6105	YCR043C	0.59084
6106	YBL100W-A	0.5908
6107	YLR376C	0.59033
6108	YBR124W	0.59033
6109	YGR038C-E	0.59027
6110	YDL115C	0.59026
6111	YGR161W-A	0.59014
6112	YFL002W-B	0.59014
6113	YNL100W	0.59005
6114	YLR135W	0.59001
6115	YIL031W	0.58995
6116	YJR053W	0.58995
6117	YLR410W-A	0.5899
6118	YBL103C	0.58985
6119	YPL253C	0.58983
6120	YPR070W	0.58938
6121	YGL151W	0.58933
6122	YLR057W	0.58926
6123	YGR251W	0.58912
6124	YDL130W-A	0.58898
6125	YMR153W	0.58894
6126	YGL107C	0.58885
6127	YIL136W	0.58881
6128	YLR313C	0.58866
6129	YKL176C	0.58862
6130	YOR104W	0.58847
6131	YDR406W-A	0.58836
6132	YAL016C-B	0.58828
6133	YLR079W	0.58774
6134	YOR355W	0.58756
6135	YML103C	0.58748
6136	YNL210W	0.5874
6137	YPL011C	0.58737
6138	YMR064W	0.58725
6139	YMR174C	0.58722
6140	YBR194W	0.5872
6141	YMR119W	0.5872
6142	YNL183C	0.58715
6143	YHR017W	0.58708
6144	YHR006W	0.58698
6145	YLR271W	0.58694
6146	YER121W	0.58668
6147	YDR461C-A	0.58659
6148	YJR005C-A	0.58646
6149	YDR348C	0.58643
6150	YPL219W	0.58642
6151	YLR454W	0.58636
6152	YPL256C	0.58633
6153	YLR320W	0.58608
6154	YMR191W	0.58604
6155	R0030W	0.58586
6156	YPR151C	0.58529
6157	YOL015W	0.58522
6158	YKL052C	0.5852
6159	YDR307W	0.58513
6160	YNL199C	0.58508
6161	YPL156C	0.58477
6162	YPL027W	0.58475
6163	YER022W	0.5847
6164	YGR140W	0.58427
6165	YDL056W	0.58426
6166	YIL097W	0.58417
6167	YGL096W	0.58406
6168	YIL071C	0.58376
6169	YNR045W	0.5836
6170	YNL309W	0.58356
6171	YGR168C	0.58355
6172	YKR034W	0.58341
6173	YNL172W	0.58324
6174	YDR350C	0.5832
6175	YDR104C	0.58317
6176	YGL081W	0.58304
6177	YGR079W	0.58274
6178	YKL048C	0.58239
6179	YBR131W	0.58223
6180	YLL005C	0.58213
6181	YHR167W	0.58188
6182	YBR250W	0.58171
6183	YOR343W-A	0.58168
6184	YMR187C	0.58149
6185	YDR017C	0.58142
6186	YJL180C	0.58133
6187	YLR424C-B	0.58111
6188	YPL200W	0.58087
6189	YHR182W	0.58079
6190	YDR210W-A	0.58067
6191	YLR201C	0.58064
6192	YER181C	0.58059
6193	YHR131C	0.58043
6194	YLR254C	0.58036
6195	YPL166W	0.58029
6196	YFL049W	0.58027
6197	YLR252W	0.58024
6198	YPL146C	0.58024
6199	YOR028C	0.58014
6200	YNR077C	0.58011
6201	YDL206W	0.58007
6202	YGL162W	0.58001
6203	YDR505C	0.57976
6204	YMR257C	0.57953
6205	YKL020C	0.57938
6206	YKL101W	0.57934
6207	YNL005C	0.57926
6208	YIL055C	0.57915
6209	YFR023W	0.57911
6210	YKL108W	0.57909
6211	YIR033W	0.57903
6212	YGR250C	0.57895
6213	YBR066C	0.57875
6214	YGL197W	0.57873
6215	YDR451C	0.57859
6216	YLR230W	0.57814
6217	YMR030W	0.57784
6218	YIL092W	0.57779
6219	YNL115C	0.57753
6220	YDR240C	0.57739
6221	YCL014W	0.57739
6222	YGR249W	0.57734
6223	YAL034C	0.57725
6224	YCR081W	0.57724
6225	YIL127C	0.57704
6226	YLR042C	0.57695
6227	YOR208W	0.57691
6228	YOR177C	0.57688
6229	YBL043W	0.5768
6230	YPR002C-A	0.57669
6231	YPR044C	0.57642
6232	YDR361C	0.57601
6233	YGL176C	0.57563
6234	YGL005C	0.57562
6235	YMR094W	0.57557
6236	YBR013C	0.57556
6237	YDR123C	0.5755
6238	YGL066W	0.57527
6239	YHR159W	0.57512
6240	YOR266W	0.57483
6241	YGL194C-A	0.57464
6242	YOL138C	0.57463
6243	YDR379W	0.57459
6244	YPL168W	0.57442
6245	YML007W	0.57442
6246	YBR152W	0.57435
6247	YGL075C	0.57425
6248	YJL058C	0.57403
6249	YMR052W	0.5739
6250	YIL144W	0.57383
6251	YDR034C	0.57374
6252	YBL109W	0.57364
6253	YNL133C	0.57354
6254	YBR182C	0.57338
6255	YGR134W	0.57327
6256	YER129W	0.57287
6257	YDR235W	0.57283
6258	YDL073W	0.57281
6259	YMR016C	0.5727
6260	YDL199C	0.57256
6261	YGR150C	0.57256
6262	YPL099C	0.57256
6263	YER075C	0.57222
6264	YOR349W	0.5721
6265	YGR089W	0.57203
6266	YGR098C	0.57189
6267	YDR169C	0.57178
6268	YBL052C	0.57155
6269	YDR016C	0.57148
6270	YBR184W	0.57146
6271	YJR157W	0.57137
6272	YGR240C-A	0.5713
6273	YCL061C	0.57123
6274	YGR196C	0.57089
6275	YGL073W	0.5708
6276	YLR267W	0.57053
6277	YPL075W	0.57051
6278	YOR030W	0.57045
6279	YNL157W	0.56993
6280	YDR043C	0.5699
6281	YDR532C	0.56975
6282	YDR422C	0.56954
6283	YML037C	0.56953
6284	YKR045C	0.56941
6285	YKL162C	0.56939
6286	YPR101W	0.56887
6287	YOR019W	0.56861
6288	YDL139C	0.56854
6289	YKL162C-A	0.56809
6290	YOR113W	0.56806
6291	YLR094C	0.56799
6292	YDL189W	0.56782
6293	YFR054C	0.56776
6294	YDR166C	0.56716
6295	YHL023C	0.56707
6296	YBR136W	0.56701
6297	YML043C	0.56699
6298	YPL130W	0.56666
6299	YBL053W	0.56651
6300	YJL103C	0.56628
6301	YKL068W-A	0.56618
6302	YNL054W	0.56612
6303	YDR069C	0.56588
6304	YLR219W	0.56586
6305	YML081W	0.56584
6306	YMR282C	0.56568
6307	YFR008W	0.56547
6308	YHR079C-A	0.5653
6309	YDL211C	0.56522
6310	YDR494W	0.56522
6311	YPL202C	0.5652
6312	YPL085W	0.56503
6313	YKL171W	0.56445
6314	YHR036W	0.56422
6315	YGL219C	0.56419
6316	YLR307C-A	0.56402
6317	YJR092W	0.56358
6318	YDL169C	0.56343
6319	YPL193W	0.56314
6320	YNR024W	0.56303
6321	YKL092C	0.5629
6322	YGL061C	0.56281
6323	YMR195W	0.56259
6324	YPL052W	0.56258
6325	YDL088C	0.56245
6326	YGR067C	0.56223
6327	YFL033C	0.56206
6328	YLR298C	0.562
6329	YDR146C	0.56194
6330	YPR013C	0.56191
6331	YDL176W	0.56174
6332	YPR036W-A	0.56171
6333	YOR192C-C	0.56168
6334	YAL010C	0.56152
6335	YBL046W	0.56133
6336	YLR139C	0.56119
6337	YPR185W	0.56114
6338	YNR049C	0.56087
6339	YOR350C	0.56083
6340	YNL053W	0.56058
6341	YIL101C	0.56014
6342	YNL225C	0.55979
6343	YCR033W	0.55932
6344	YBR225W	0.55909
6345	YAR014C	0.55894
6346	YBR083W	0.55884
6347	YIL117C	0.55845
6348	YLR282C	0.55797
6349	YER028C	0.55792
6350	YFR057W	0.55788
6351	YPL049C	0.55781
6352	YDL020C	0.55776
6353	YBR201C-A	0.55736
6354	YDR088C	0.55735
6355	YNL144C	0.55704
6356	YPR084W	0.55694
6357	YML058W	0.55692
6358	YMR199W	0.55676
6359	YOR047C	0.55655
6360	YEL005C	0.55649
6361	YDR443C	0.55606
6362	YOR032C	0.55583
6363	YKR037C	0.55563
6364	YKL050C	0.55546
6365	YDR217C	0.55487
6366	YJR089W	0.55486
6367	YHR177W	0.55485
6368	YOL070C	0.55484
6369	YMR163C	0.55483
6370	YDR065W	0.55467
6371	Q0010	0.55459
6372	YOR137C	0.55457
6373	YNL152W	0.55452
6374	YDR524C	0.55438
6375	YNL195C	0.55413
6376	YHR156C	0.55406
6377	YOR114W	0.55381
6378	YPR164W	0.55312
6379	YOL031C	0.55298
6380	YDR195W	0.55297
6381	YGL223C	0.55287
6382	YMR066W	0.55271
6383	YIR010W	0.5526
6384	YNL046W	0.55244
6385	YDR070C	0.55242
6386	YER045C	0.55218
6387	YJR011C	0.55152
6388	YGR161C	0.55151
6389	YJL149W	0.55069
6390	YML041C	0.55051
6391	YAL028W	0.5505
6392	YGL071W	0.55041
6393	YLR312C	0.5503
6394	YPR095C	0.55019
6395	YJL144W	0.5498
6396	YER149C	0.54972
6397	YOR148C	0.54936
6398	YKR091W	0.54848
6399	YPL250C	0.54848
6400	YHR195W	0.54835
6401	YHR184W	0.54833
6402	YPL118W	0.54799
6403	YGR179C	0.54737
6404	YML027W	0.54692
6405	YML015C	0.54682
6406	YLL033W	0.54681
6407	YNR014W	0.54672
6408	YDR310C	0.54663
6409	YOR195W	0.54659
6410	YLR018C	0.54656
6411	YIL036W	0.54604
6412	YAL040C	0.5459
6413	YGL079W	0.54588
6414	YKR100C	0.54561
6415	YPL201C	0.5456
6416	YJR162C	0.54525
6417	YLR431C	0.54522
6418	YKL204W	0.54511
6419	YBL009W	0.54494
6420	YKL062W	0.54453
6421	YDR103W	0.54453
6422	YJL207C	0.54389
6423	YBR275C	0.54349
6424	YNL167C	0.54284
6425	YMR232W	0.54261
6426	YLL003W	0.54255
6427	YDR457W	0.54225
6428	YDR029W	0.54222
6429	YLR031W	0.54217
6430	YOL007C	0.54197
6431	YIL045W	0.54194
6432	YEL057C	0.54191
6433	YDL186W	0.54189
6434	YOR342C	0.54188
6435	YPL077C	0.54178
6436	YML009C-A	0.54172
6437	YOR147W	0.54156
6438	YGR142W	0.54151
6439	YBR148W	0.54115
6440	YDR277C	0.54079
6441	YFR017C	0.54067
6442	YJL110C	0.5405
6443	YNL091W	0.54015
6444	YML062C	0.54015
6445	YEL043W	0.54015
6446	YDL239C	0.53989
6447	YFL021W	0.5398
6448	YDL224C	0.53946
6449	YLL047W	0.53938
6450	YDR030C	0.53934
6451	YLR283W	0.53914
6452	YBL054W	0.53889
6453	YHR103W	0.53878
6454	YGL138C	0.53865
6455	YER088C	0.53848
6456	YLR131C	0.53785
6457	YMR135C	0.53776
6458	YJL095W	0.53766
6459	YOR214C	0.5376
6460	YDR356W	0.53751
6461	YLR190W	0.53733
6462	YLR373C	0.53725
6463	YFR019W	0.53715
6464	YOR073W	0.53699
6465	YPL033C	0.53682
6466	YOR255W	0.53654
6467	YOL025W	0.53648
6468	YDR096W	0.5364
6469	YNL197C	0.5364
6470	YJR003C	0.53637
6471	YLR334C	0.53637
6472	YJR056C	0.53619
6473	YLR352W	0.5358
6474	YOL029C	0.53536
6475	YHL029C	0.53506
6476	YBL088C	0.53487
6477	YPL070W	0.53479
6478	YLR353W	0.53467
6479	YMR204C	0.53452
6480	YGR041W	0.53412
6481	YDR374C	0.5341
6482	YOR264W	0.5341
6483	YLR436C	0.534
6484	YGR153W	0.5338
6485	YHR152W	0.53379
6486	YDR151C	0.5332
6487	YPL223C	0.53299
6488	YDR181C	0.53295
6489	YBR050C	0.5326
6490	YPL055C	0.53211
6491	YKR010C	0.53209
6492	YGL035C	0.53197
6493	YNR009W	0.53187
6494	YOL081W	0.53179
6495	YGL175C	0.53158
6496	YKL225W	0.53123
6497	YMR219W	0.52931
6498	YOR076C	0.52915
6499	YNL018C	0.52901
6500	YDR216W	0.5289
6501	YLR221C	0.52842
6502	YDL027C	0.52814
6503	YDR113C	0.52799
6504	YIL122W	0.52747
6505	YDL089W	0.52722
6506	YCL051W	0.52719
6507	YGR120C	0.52698
6508	YNL103W	0.52674
6509	YCR065W	0.52652
6510	YLR445W	0.52649
6511	YNL042W	0.52647
6512	YBL034C	0.52643
6513	YER104W	0.52628
6514	YBR140C	0.52614
6515	YJR030C	0.52576
6516	Q0255	0.52556
6517	YMR124W	0.52548
6518	YOR062C	0.5252
6519	YOL091W	0.52491
6520	YOR158W	0.52487
6521	YDR014W	0.52461
6522	YBR255W	0.52425
6523	YPL269W	0.52416
6524	YMR179W	0.52398
6525	YOR352W	0.52372
6526	YMR144W	0.5237
6527	YAL031C	0.52342
6528	YNL034W	0.52306
6529	YLR030W	0.52296
6530	YMR270C	0.5229
6531	YER044C-A	0.52278
6532	YER040W	0.52271
6533	YDR207C	0.52262
6534	YPL054W	0.52251
6535	YLR341W	0.52239
6536	YCL027W	0.52224
6537	YER038C	0.52201
6538	YPR171W	0.52199
6539	YNL214W	0.52141
6540	YKL112W	0.52094
6541	YGR273C	0.52051
6542	YDL069C	0.52048
6543	YDL223C	0.52018
6544	YKR078W	0.5201
6545	YGL057C	0.51981
6546	YER158C	0.5195
6547	YDR259C	0.51938
6548	YJL090C	0.51859
6549	YKL065W-A	0.51844
6550	YBR063C	0.51828
6551	YOR066W	0.51801
6552	YIL119C	0.518
6553	YPL230W	0.5177
6554	YGR023W	0.51741
6555	YPR078C	0.51722
6556	Q0144	0.51707
6557	YDR439W	0.51703
6558	YJR083C	0.51703
6559	YPL014W	0.51657
6560	YFR046C	0.51652
6561	YKL093W	0.51645
6562	YGL128C	0.51644
6563	YDR028C	0.51567
6564	YPL158C	0.51545
6565	YMR003W	0.51497
6566	YDR446W	0.51491
6567	YOR178C	0.5148
6568	YCL044C	0.51446
6569	YDR515W	0.51423
6570	YLR273C	0.51403
6571	YMR160W	0.51403
6572	YMR273C	0.5137
6573	YBR047W	0.51346
6574	YNL027W	0.51215
6575	YNL176C	0.51199
6576	YJL181W	0.51173
6577	YGR035C	0.51141
6578	YDR022C	0.51111
6579	YMR175W	0.51088
6580	YNL311C	0.51082
6581	YBR130C	0.51025
6582	YOR023C	0.51019
6583	YDL076C	0.50963
6584	YDR130C	0.50927
6585	YPR046W	0.50916
6586	YDR219C	0.50913
6587	YCL063W	0.50893
6588	YAL047C	0.50884
6589	YER132C	0.50837
6590	YGL021W	0.50823
6591	YLL065W	0.50821
6592	YGR113W	0.50808
6593	YPL071C	0.50759
6594	YJL185C	0.50728
6595	YGR071C	0.50728
6596	YAL024C	0.50708
6597	YBR007C	0.50701
6598	YGL023C	0.5063
6599	YLR102C	0.50618
6600	YER111C	0.50543
6601	YOR324C	0.50531
6602	YML053C	0.50494
6603	YPL068C	0.50482
6604	YHR160C	0.50469
6605	YMR086W	0.50404
6606	YMR255W	0.50385
6607	YJL162C	0.50384
6608	YGL222C	0.50363
6609	YKL042W	0.50258
6610	YDR275W	0.50254
6611	YPR158W	0.50216
6612	YPR005C	0.50193
6613	YLR053C	0.50169
6614	YDR227W	0.50145
6615	YGR126W	0.50041
6616	YLR394W	0.5001
6617	YPL255W	0.50008
6618	YLR223C	0.49983
6619	YBR165W	0.49924
6620	YHR054C	0.49908
6621	YBR203W	0.49897
6622	YIR025W	0.49894
6623	YOR359W	0.49855
6624	YIL146C	0.49844
6625	YGR239C	0.49836
6626	YDR425W	0.49796
6627	YDR239C	0.49751
6628	YDR351W	0.49702
6629	YNL076W	0.49618
6630	YER155C	0.4958
6631	YKL185W	0.49527
6632	YOR044W	0.49494
6633	YBR095C	0.49397
6634	YBR076W	0.4939
6635	YFL012W	0.49381
6636	YDR184C	0.49373
6637	YHR157W	0.49279
6638	YDR223W	0.49258
6639	YER130C	0.4925
6640	YJL051W	0.49189
6641	YMR036C	0.49077
6642	YKL023C-A	0.49059
6643	YKR022C	0.48946
6644	YML112W	0.48802
6645	YDR249C	0.48627
6646	YMR075W	0.48598
6647	YML109W	0.48596
6648	YOL036W	0.48461
6649	YIL135C	0.48432
6650	YPR145C-A	0.484
6651	YML091C	0.4816
6652	YPL089C	0.47959
6653	YBL031W	0.4794
6654	YNL233W	0.47912
6655	YOR372C	0.47863
6656	YHR014W	0.47829
6657	YER106W	0.47807
6658	YDL180W	0.47737
6659	YNL074C	0.47699
6660	YER167W	0.47621
6661	YBR156C	0.47608
6662	YKR077W	0.47567
6663	YGL015C	0.47387
6664	YJL161W	0.4728
6665	YPL066W	0.47253
6666	YPL159C	0.47122
6667	YBR045C	0.47106
6668	YGR221C	0.47092
6669	YLR257W	0.47044
6670	YPR008W	0.46994
6671	YPL267W	0.46984
6672	YDR186C	0.46969
6673	YMR206W	0.46958
6674	YBR071W	0.46952
6675	YKL105C	0.46928
6676	YPL180W	0.46897
6677	YER124C	0.46809
6678	YMR037C	0.46803
6679	YPL121C	0.46699
6680	YPR065W	0.46672
6681	YBR211C	0.4665
6682	YJL147C	0.4661
6683	YNL188W	0.46424
6684	YML003W	0.46355
6685	YJL089W	0.46238
6686	YOL106W	0.46074
6687	YHR061C	0.46071
6688	YNL078W	0.46054
6689	YFR036W	0.46004
6690	YDR085C	0.45974
6691	YML119W	0.45874
6692	YDR480W	0.45519
6693	YBR285W	0.45504
6694	YDR528W	0.45437
6695	YLR049C	0.45322
6696	YMR136W	0.44937
6697	YPL124W	0.44866
6698	YLR457C	0.44857
6699	YNL146W	0.44739
6700	YER033C	0.44537
6701	YML006C	0.4434
6702	YOR279C	0.44337
6703	YNR010W	0.43946
6704	YOR315W	0.43902
6705	YPL229W	0.43872
6706	YKL109W	0.43789
6707	YPR083W	0.43757
6708	YER180C	0.4371
6709	YBL081W	0.43594
6710	YDR309C	0.43495
6711	YMR252C	0.43266
6712	YIL152W	0.43213
6713	YGL036W	0.43058
6714	YHR185C	0.42971
6715	Q0140	0.4264
6716	YMR181C	0.42455
6717	YGL170C	0.4239
6718	YKR075C	0.41753
6719	YER032W	0.4157
6720	Q0032	0.40881
6721	YER079W	0.40828
6722	YBR157C	0.39203
6723	YMR081C	0.38185
6724	YBR138C	0.37725
6725	YDL007C-A	0.37332
6726	YGR146C	0.35464
6727	YJR094C	0.35216
6728	YMR106W-A	0.30248
6729	YDL204W-A	0.30248
6730	YNL040C-A	0.30248
6731	YGR016C-A	0.30248
6732	YFR035W-A	0.30248
6733	YNL155C-A	0.30248
